pid task resp start version parA rt time_elapsed
571e332b1bdf1a00119149f2 eb 31 41 2 27 6715 142140
571e332b1bdf1a00119149f2 eb 45 29 2 44 8780 150923
571e332b1bdf1a00119149f2 eb 36 40 2 31 5904 156829
571e332b1bdf1a00119149f2 eb 31 34 2 27 4021 160852
571e332b1bdf1a00119149f2 eb 53 33 2 48 7131 167987
571e332b1bdf1a00119149f2 eb 44 32 2 40 5224 173213
571e332b1bdf1a00119149f2 eb 40 51 2 36 8381 181596
571e332b1bdf1a00119149f2 eb 57 36 2 54 4804 186406
571e332b1bdf1a00119149f2 eb 35 27 2 36 3804 190217
571e332b1bdf1a00119149f2 eb 30 42 2 28 3445 193666
571e332b1bdf1a00119149f2 eb 35 41 2 31 2437 196110
571e332b1bdf1a00119149f2 eb 55 52 2 48 2142 198254
571e332b1bdf1a00119149f2 eb 43 31 2 36 4065 202324
571e332b1bdf1a00119149f2 eb 42 52 2 34 3739 206066
571e332b1bdf1a00119149f2 eb 30 54 2 28 7577 213648
571e332b1bdf1a00119149f2 pz 36 33 2 49 4350 250461
571e332b1bdf1a00119149f2 pz 33 40 2 45 2345 252809
571e332b1bdf1a00119149f2 pz 41 38 2 53 2520 255335
571e332b1bdf1a00119149f2 pz 49 49 2 56 1732 257072
571e332b1bdf1a00119149f2 pz 49 49 2 55 1329 258403
571e332b1bdf1a00119149f2 pz 32 37 2 39 2678 261086
571e332b1bdf1a00119149f2 pz 28 41 2 40 5236 266325
571e332b1bdf1a00119149f2 pz 35 58 2 41 5455 271784
571e332b1bdf1a00119149f2 pz 22 20 2 31 2130 273921
571e332b1bdf1a00119149f2 pz 28 21 2 46 3271 277197
571e332b1bdf1a00119149f2 pz 37 40 2 60 1934 279136
571e332b1bdf1a00119149f2 pz 14 26 2 24 5678 284821
571e332b1bdf1a00119149f2 pz 36 34 2 52 1722 286547
571e332b1bdf1a00119149f2 pz 30 46 2 43 3911 290460
571e332b1bdf1a00119149f2 pz 20 27 2 28 2532 292996
571e332b1bdf1a00119149f2 br -19 26 1 300 6685 320670
571e332b1bdf1a00119149f2 br -23 16 1 300 5153 325827
571e332b1bdf1a00119149f2 br -25 -22 1 300 2460 328290
571e332b1bdf1a00119149f2 br -27 31 1 300 6896 335194
571e332b1bdf1a00119149f2 br -28 35 1 300 6579 341775
571e332b1bdf1a00119149f2 br -28 40 1 300 7935 349711
571e332b1bdf1a00119149f2 br -20 40 1 300 6640 356353
571e332b1bdf1a00119149f2 br -21 -40 1 300 4309 360664
571e332b1bdf1a00119149f2 br -19 -4 1 300 3028 363696
571e332b1bdf1a00119149f2 br -20 -18 1 300 3220 366919
571e332b1bdf1a00119149f2 br -24 -30 1 300 2389 369311
571e332b1bdf1a00119149f2 br -27 -38 1 300 3097 372414
571e332b1bdf1a00119149f2 br -24 -26 1 300 3179 375594
571e332b1bdf1a00119149f2 br -24 14 1 300 5850 381447
571e332b1bdf1a00119149f2 br -20 -42 1 300 4154 385605
571e332b1bdf1a00119149f2 zol -1.6 -0.1 2 NA 6562 444035
571e332b1bdf1a00119149f2 zol -0.77 -0.43 2 NA 6760 450799
571e332b1bdf1a00119149f2 zol 0.19 -0.59 2 NA 18421 469226
571e332b1bdf1a00119149f2 zol -0.27 0.27 2 NA 1079 470308
571e332b1bdf1a00119149f2 zol -0.95 -0.75 2 NA 3639 473949
571e332b1bdf1a00119149f2 zol -1.38 -0.32 2 NA 5442 479395
571e332b1bdf1a00119149f2 zol -1.21 0.01 2 NA 3134 482534
571e332b1bdf1a00119149f2 zol 0.66 0.74 2 NA 15312 497851
571e332b1bdf1a00119149f2 zol -2.58 0.68 2 NA 3825 501679
571e332b1bdf1a00119149f2 zol -1.49 -0.61 2 NA 3940 505623
571e332b1bdf1a00119149f2 zol -0.88 -0.72 2 NA 2570 508196
571e332b1bdf1a00119149f2 zol -0.87 -0.13 2 NA 2343 510543
571e332b1bdf1a00119149f2 zol -1.76 -0.54 2 NA 3795 514341
571e332b1bdf1a00119149f2 zol -0.98 -0.72 2 NA 7506 521850
571e332b1bdf1a00119149f2 zol -1.35 -0.05 2 NA 3289 525142
571e332b1bdf1a00119149f2 pog 156 135 1 130 4810 558794
571e332b1bdf1a00119149f2 pog 171 240 1 136 9489 568291
571e332b1bdf1a00119149f2 pog 213 101 1 188 12939 581233
571e332b1bdf1a00119149f2 pog 152 192 1 132 12005 593243
571e332b1bdf1a00119149f2 pog 169 158 1 148 6635 599879
571e332b1bdf1a00119149f2 pog 188 151 1 164 6771 606653
571e332b1bdf1a00119149f2 pog 215 158 1 193 8615 615272
571e332b1bdf1a00119149f2 pog 164 118 1 141 6733 622006
571e332b1bdf1a00119149f2 pog 201 93 1 181 13444 635452
571e332b1bdf1a00119149f2 pog 219 116 1 188 13267 648722
571e332b1bdf1a00119149f2 pog 221 94 1 195 14501 663226
571e332b1bdf1a00119149f2 pog 214 98 1 195 13987 677217
571e332b1bdf1a00119149f2 pog 164 164 1 154 1516 678735
571e332b1bdf1a00119149f2 pog 146 97 1 132 6425 685167
571e332b1bdf1a00119149f2 pog 179 212 1 157 7071 692241
571e332b1bdf1a00119149f2 zol 1.66 0.24 1 NA 4102 715954
571e332b1bdf1a00119149f2 zol 1.39 -0.09 1 NA 6782 722740
571e332b1bdf1a00119149f2 zol 1.06 0.14 1 NA 5411 728154
571e332b1bdf1a00119149f2 zol 1.84 -0.64 1 NA 3092 731249
571e332b1bdf1a00119149f2 zol 1.43 -0.03 1 NA 3695 734948
571e332b1bdf1a00119149f2 zol 1.72 0.18 1 NA 4644 739595
571e332b1bdf1a00119149f2 zol 0.48 0.62 1 NA 6965 746564
571e332b1bdf1a00119149f2 zol 1.37 -0.57 1 NA 5357 751925
571e332b1bdf1a00119149f2 zol 1.26 -0.26 1 NA 3789 755722
571e332b1bdf1a00119149f2 zol 1.35 -0.55 1 NA 3184 758910
571e332b1bdf1a00119149f2 zol 1.42 -0.42 1 NA 3813 762725
571e332b1bdf1a00119149f2 zol 1.11 0.29 1 NA 5185 767913
571e332b1bdf1a00119149f2 zol 1.18 -0.58 1 NA 7573 775488
571e332b1bdf1a00119149f2 zol 0.97 -0.67 1 NA 5656 781149
571e332b1bdf1a00119149f2 zol 0.94 0.06 1 NA 4400 785552
571e332b1bdf1a00119149f2 pog 365.5 330.5 2 279.5 5986 810353
571e332b1bdf1a00119149f2 pog 416.5 278.5 2 342.5 17052 827407
571e332b1bdf1a00119149f2 pog 409.5 347.5 2 339.5 7559 834968
571e332b1bdf1a00119149f2 pog 437.5 257.5 2 357.5 17988 852958
571e332b1bdf1a00119149f2 pog 404.5 293.5 2 327.5 14733 867694
571e332b1bdf1a00119149f2 pog 394.5 394.5 2 313.5 1110 868806
571e332b1bdf1a00119149f2 pog 425.5 363.5 2 356.5 7967 876776
571e332b1bdf1a00119149f2 pog 372.5 372.5 2 317.5 1078 877855
571e332b1bdf1a00119149f2 pog 411.5 328.5 2 351.5 9185 887042
571e332b1bdf1a00119149f2 pog 353.5 303.5 2 281.5 7368 894412
571e332b1bdf1a00119149f2 pog 380.5 250.5 2 314.5 13919 908332
571e332b1bdf1a00119149f2 pog 414.5 366.5 2 351.5 5567 913902
571e332b1bdf1a00119149f2 pog 389.5 265.5 2 319.5 12014 925918
571e332b1bdf1a00119149f2 pog 391.5 294.5 2 317.5 10165 936087
571e332b1bdf1a00119149f2 pog 410.5 349.5 2 338.5 8720 944810
571e332b1bdf1a00119149f2 pz 45 45 1 45 401 949059
571e332b1bdf1a00119149f2 pz 55 55 1 49 787 949851
571e332b1bdf1a00119149f2 pz 37 28 1 20 4116 953969
571e332b1bdf1a00119149f2 pz 49 32 1 35 3751 957722
571e332b1bdf1a00119149f2 pz 83 40 1 56 4891 962616
571e332b1bdf1a00119149f2 pz 58 39 1 48 5903 968522
571e332b1bdf1a00119149f2 pz 45 28 1 33 3441 971967
571e332b1bdf1a00119149f2 pz 55 23 1 47 4443 976413
571e332b1bdf1a00119149f2 pz 51 51 1 34 920 977334
571e332b1bdf1a00119149f2 pz 62 51 1 50 2352 979689
571e332b1bdf1a00119149f2 pz 67 49 1 53 2688 982383
571e332b1bdf1a00119149f2 pz 89 52 1 57 4538 986924
571e332b1bdf1a00119149f2 pz 83 58 1 53 3310 990238
571e332b1bdf1a00119149f2 pz 48 43 1 24 3114 993355
571e332b1bdf1a00119149f2 pz 70 52 1 44 2739 996098
571e332b1bdf1a00119149f2 eb 39 27 1 26 3352 1009817
571e332b1bdf1a00119149f2 eb 50 31 1 42 2799 1012618
571e332b1bdf1a00119149f2 eb 59 50 1 48 1789 1014408
571e332b1bdf1a00119149f2 eb 57 48 1 50 1900 1016310
571e332b1bdf1a00119149f2 eb 52 42 1 51 1833 1018144
571e332b1bdf1a00119149f2 eb 57 34 1 48 4002 1022148
571e332b1bdf1a00119149f2 eb 23 30 1 24 2388 1024537
571e332b1bdf1a00119149f2 eb 52 52 1 50 1302 1025844
571e332b1bdf1a00119149f2 eb 50 34 1 44 3918 1029763
571e332b1bdf1a00119149f2 eb 45 51 1 37 1999 1031765
571e332b1bdf1a00119149f2 eb 38 24 1 34 2485 1034252
571e332b1bdf1a00119149f2 eb 52 39 1 42 2257 1036513
571e332b1bdf1a00119149f2 eb 47 34 1 39 2618 1039132
571e332b1bdf1a00119149f2 eb 23 30 1 24 2583 1041717
571e332b1bdf1a00119149f2 eb 55 46 1 47 1854 1043572
571e332b1bdf1a00119149f2 br 40 25 2 300 2913 1052283
571e332b1bdf1a00119149f2 br 29 2 2 300 2006 1054290
571e332b1bdf1a00119149f2 br 30 -49 2 300 6047 1060339
571e332b1bdf1a00119149f2 br 34 -37 2 300 6113 1066457
571e332b1bdf1a00119149f2 br 34 -31 2 300 4903 1071362
571e332b1bdf1a00119149f2 br 37 18 2 300 2231 1073596
571e332b1bdf1a00119149f2 br 22 -30 2 300 3418 1077016
571e332b1bdf1a00119149f2 br 30 -6 2 300 1679 1078700
571e332b1bdf1a00119149f2 br 27 23 2 300 3936 1082640
571e332b1bdf1a00119149f2 br 30 -6 2 300 1734 1084378
571e332b1bdf1a00119149f2 br 27 -17 2 300 2608 1086989
571e332b1bdf1a00119149f2 br 20 -30 2 300 2672 1089664
571e332b1bdf1a00119149f2 br 37 28 2 300 3158 1092824
571e332b1bdf1a00119149f2 br 34 23 2 300 3189 1096015
571e332b1bdf1a00119149f2 br 21 -47 2 300 5841 1101857
5b70ed4b99982e000145eb7b pog 217 165 1 186 6943 169690
5b70ed4b99982e000145eb7b pog 187 122 1 155 11607 181299
5b70ed4b99982e000145eb7b pog 166 94 1 126 20223 201524
5b70ed4b99982e000145eb7b pog 189 85 1 149 11527 213052
5b70ed4b99982e000145eb7b pog 235 114 1 196 13416 226468
5b70ed4b99982e000145eb7b pog 200 202 1 171 13015 239484
5b70ed4b99982e000145eb7b pog 159 192 1 121 6367 245852
5b70ed4b99982e000145eb7b pog 151 172 1 120 5840 251693
5b70ed4b99982e000145eb7b pog 229 158 1 191 10583 262277
5b70ed4b99982e000145eb7b pog 213 216 1 179 11039 273317
5b70ed4b99982e000145eb7b pog 191 145 1 159 6543 279861
5b70ed4b99982e000145eb7b pog 215 111 1 176 13063 292925
5b70ed4b99982e000145eb7b pog 217 105 1 173 16815 309742
5b70ed4b99982e000145eb7b pog 221 88 1 183 11456 321199
5b70ed4b99982e000145eb7b pog 168 212 1 132 4951 326150
5b70ed4b99982e000145eb7b zol 1.62 0.58 1 NA 27911 411785
5b70ed4b99982e000145eb7b zol 1.27 -0.07 1 NA 4014 415800
5b70ed4b99982e000145eb7b zol 1.69 0.11 1 NA 3574 419377
5b70ed4b99982e000145eb7b zol 1.66 0.14 1 NA 4327 423705
5b70ed4b99982e000145eb7b zol 1.75 0.25 1 NA 5518 429225
5b70ed4b99982e000145eb7b zol 1.5 0.7 1 NA 3958 433185
5b70ed4b99982e000145eb7b zol 2.27 -0.37 1 NA 6239 439425
5b70ed4b99982e000145eb7b zol 1.59 -0.09 1 NA 5703 445129
5b70ed4b99982e000145eb7b zol 1.48 -0.38 1 NA 3815 448945
5b70ed4b99982e000145eb7b zol 1.93 -0.33 1 NA 5175 454122
5b70ed4b99982e000145eb7b zol 0.92 0.68 1 NA 3198 457322
5b70ed4b99982e000145eb7b zol 1.57 0.03 1 NA 4583 461906
5b70ed4b99982e000145eb7b zol 2.18 -0.18 1 NA 3318 465226
5b70ed4b99982e000145eb7b zol 2.01 -0.01 1 NA 7151 472378
5b70ed4b99982e000145eb7b zol 1.75 0.35 1 NA 6751 479130
5b70ed4b99982e000145eb7b eb 54 25 1 51 7199 536796
5b70ed4b99982e000145eb7b eb 50 30 1 48 8639 545436
5b70ed4b99982e000145eb7b eb 52 46 1 51 7935 553372
5b70ed4b99982e000145eb7b eb 41 46 1 37 5994 559372
5b70ed4b99982e000145eb7b eb 31 34 1 29 7463 566836
5b70ed4b99982e000145eb7b eb 33 28 1 30 6582 573420
5b70ed4b99982e000145eb7b eb 56 32 1 52 5687 579109
5b70ed4b99982e000145eb7b eb 57 47 1 52 7791 586901
5b70ed4b99982e000145eb7b eb 42 52 1 38 7639 594540
5b70ed4b99982e000145eb7b eb 35 44 1 30 8087 602628
5b70ed4b99982e000145eb7b eb 47 43 1 44 5615 608245
5b70ed4b99982e000145eb7b eb 44 53 1 40 6131 614381
5b70ed4b99982e000145eb7b eb 46 31 1 42 6087 620469
5b70ed4b99982e000145eb7b eb 53 39 1 48 5463 625933
5b70ed4b99982e000145eb7b eb 51 28 1 46 6680 632614
5b70ed4b99982e000145eb7b br 19 -33 2 300 5396 664558
5b70ed4b99982e000145eb7b br 22 33 2 300 6519 671078
5b70ed4b99982e000145eb7b br 24 23 2 300 8943 680023
5b70ed4b99982e000145eb7b br 22 5 2 300 3047 683071
5b70ed4b99982e000145eb7b br 34 41 2 300 7887 690959
5b70ed4b99982e000145eb7b br 25 0 2 300 4055 695015
5b70ed4b99982e000145eb7b br 25 -38 2 300 5015 700031
5b70ed4b99982e000145eb7b br 24 48 2 300 12647 712680
5b70ed4b99982e000145eb7b br 19 -7 2 300 2967 715648
5b70ed4b99982e000145eb7b br 18 -22 2 300 3375 719024
5b70ed4b99982e000145eb7b br 30 22 2 300 3703 722728
5b70ed4b99982e000145eb7b br 17 -39 2 300 5975 728704
5b70ed4b99982e000145eb7b br 25 5 2 300 5551 734256
5b70ed4b99982e000145eb7b br 17 -34 2 300 5624 739881
5b70ed4b99982e000145eb7b br 19 32 2 300 7550 747432
5b70ed4b99982e000145eb7b pz 36 34 1 33 10399 793034
5b70ed4b99982e000145eb7b pz 45 48 1 36 5159 798194
5b70ed4b99982e000145eb7b pz 34 59 1 24 6599 804794
5b70ed4b99982e000145eb7b pz 43 32 1 34 8023 812818
5b70ed4b99982e000145eb7b pz 56 37 1 50 4063 816882
5b70ed4b99982e000145eb7b pz 39 54 1 34 4527 821410
5b70ed4b99982e000145eb7b pz 56 36 1 48 6511 827922
5b70ed4b99982e000145eb7b pz 42 25 1 36 5247 833171
5b70ed4b99982e000145eb7b pz 56 47 1 44 7543 840715
5b70ed4b99982e000145eb7b pz 56 20 1 48 8639 849355
5b70ed4b99982e000145eb7b pz 57 47 1 50 3707 853067
5b70ed4b99982e000145eb7b pz 56 43 1 48 6271 859339
5b70ed4b99982e000145eb7b pz 25 34 1 22 4727 864067
5b70ed4b99982e000145eb7b pz 25 47 1 20 6247 870316
5b70ed4b99982e000145eb7b pz 57 59 1 48 6415 876732
5b70ed4b99982e000145eb7b pz 43 52 2 54 6447 909260
5b70ed4b99982e000145eb7b pz 31 24 2 36 4455 913716
5b70ed4b99982e000145eb7b pz 25 24 2 34 7151 920869
5b70ed4b99982e000145eb7b pz 41 45 2 53 6528 927397
5b70ed4b99982e000145eb7b pz 29 35 2 35 5478 932877
5b70ed4b99982e000145eb7b pz 36 25 2 50 5583 938461
5b70ed4b99982e000145eb7b pz 33 35 2 46 2823 941285
5b70ed4b99982e000145eb7b pz 33 29 2 50 3298 944589
5b70ed4b99982e000145eb7b pz 17 43 2 22 6303 950894
5b70ed4b99982e000145eb7b pz 21 26 2 24 5031 955925
5b70ed4b99982e000145eb7b pz 35 25 2 40 5319 961245
5b70ed4b99982e000145eb7b pz 39 32 2 54 2783 964029
5b70ed4b99982e000145eb7b pz 40 58 2 57 4808 968838
5b70ed4b99982e000145eb7b pz 20 32 2 22 4831 973670
5b70ed4b99982e000145eb7b pz 39 31 2 56 4214 977885
5b70ed4b99982e000145eb7b br -1 -5 1 300 5807 988902
5b70ed4b99982e000145eb7b br -5 -33 1 300 7733 996638
5b70ed4b99982e000145eb7b br -1 -13 1 300 4527 1001166
5b70ed4b99982e000145eb7b br -8 -47 1 300 5943 1007110
5b70ed4b99982e000145eb7b br -9 -39 1 300 5175 1012286
5b70ed4b99982e000145eb7b br -7 43 1 300 5695 1017983
5b70ed4b99982e000145eb7b br 5 40 1 300 5695 1023679
5b70ed4b99982e000145eb7b br -10 -26 1 300 6391 1030071
5b70ed4b99982e000145eb7b br -4 -2 1 300 2623 1032695
5b70ed4b99982e000145eb7b br -2 14 1 300 3967 1036663
5b70ed4b99982e000145eb7b br -12 -24 1 300 3647 1040312
5b70ed4b99982e000145eb7b br -7 27 1 300 7719 1048032
5b70ed4b99982e000145eb7b br -10 -25 1 300 6352 1054384
5b70ed4b99982e000145eb7b br -1 50 1 300 8815 1063200
5b70ed4b99982e000145eb7b br -7 14 1 300 8631 1071833
5b70ed4b99982e000145eb7b zol -0.71 -0.49 2 NA 17864 1099642
5b70ed4b99982e000145eb7b zol -1.91 0.31 2 NA 15430 1115073
5b70ed4b99982e000145eb7b zol -0.51 -0.69 2 NA 5239 1120314
5b70ed4b99982e000145eb7b zol -1.25 -0.25 2 NA 3006 1123322
5b70ed4b99982e000145eb7b zol -2.12 0.62 2 NA 2990 1126314
5b70ed4b99982e000145eb7b zol -1.14 -0.36 2 NA 2935 1129250
5b70ed4b99982e000145eb7b zol -2.54 0.74 2 NA 3415 1132666
5b70ed4b99982e000145eb7b zol -1.09 -0.71 2 NA 3134 1135802
5b70ed4b99982e000145eb7b zol -1.62 -0.18 2 NA 3671 1139474
5b70ed4b99982e000145eb7b zol -1.25 -0.75 2 NA 3302 1142778
5b70ed4b99982e000145eb7b zol -1.72 -0.58 2 NA 2951 1145730
5b70ed4b99982e000145eb7b zol -2.1 -0.4 2 NA 3094 1148826
5b70ed4b99982e000145eb7b zol -1.91 -0.49 2 NA 4087 1152914
5b70ed4b99982e000145eb7b zol -2.46 0.46 2 NA 3502 1156418
5b70ed4b99982e000145eb7b zol -2.14 0.64 2 NA 4135 1160555
5b70ed4b99982e000145eb7b pog 399.5 334.5 2 334.5 6247 1201988
5b70ed4b99982e000145eb7b pog 357.5 354.5 2 288.5 2558 1204547
5b70ed4b99982e000145eb7b pog 395.5 353.5 2 324.5 5447 1209996
5b70ed4b99982e000145eb7b pog 362.5 271.5 2 291.5 7790 1217788
5b70ed4b99982e000145eb7b pog 381.5 379.5 2 315.5 2179 1219972
5b70ed4b99982e000145eb7b pog 389.5 250.5 2 319.5 7359 1227332
5b70ed4b99982e000145eb7b pog 395.5 335.5 2 323.5 6048 1233381
5b70ed4b99982e000145eb7b pog 365.5 262.5 2 297.5 6847 1240229
5b70ed4b99982e000145eb7b pog 402.5 243.5 2 334.5 8783 1249013
5b70ed4b99982e000145eb7b pog 410.5 286.5 2 334.5 7887 1256901
5b70ed4b99982e000145eb7b pog 387.5 315.5 2 312.5 6768 1263670
5b70ed4b99982e000145eb7b pog 384.5 276.5 2 309.5 9047 1272717
5b70ed4b99982e000145eb7b pog 400.5 262.5 2 335.5 8831 1281550
5b70ed4b99982e000145eb7b pog 426.5 399.5 2 359.5 4767 1286317
5b70ed4b99982e000145eb7b pog 352.5 283.5 2 292.5 6975 1293294
5b70ed4b99982e000145eb7b eb 45 40 2 42 7263 1309878
5b70ed4b99982e000145eb7b eb 50 29 2 49 7095 1316974
5b70ed4b99982e000145eb7b eb 36 36 2 36 6590 1323565
5b70ed4b99982e000145eb7b eb 42 39 2 41 3616 1327182
5b70ed4b99982e000145eb7b eb 24 49 2 26 4941 1332126
5b70ed4b99982e000145eb7b eb 29 46 2 29 8399 1340526
5b70ed4b99982e000145eb7b eb 36 52 2 35 9815 1350342
5b70ed4b99982e000145eb7b eb 41 50 2 40 7215 1357559
5b70ed4b99982e000145eb7b eb 39 39 2 39 7663 1365223
5b70ed4b99982e000145eb7b eb 40 38 2 37 3927 1369151
5b70ed4b99982e000145eb7b eb 34 49 2 35 6799 1375952
5b70ed4b99982e000145eb7b eb 48 42 2 47 3775 1379728
5b70ed4b99982e000145eb7b eb 33 26 2 32 6463 1386192
5b70ed4b99982e000145eb7b eb 50 27 2 48 5935 1392128
5b70ed4b99982e000145eb7b eb 32 34 2 31 7807 1399936
5dd4189ef30aa640b4e9c094 eb 43 33 1 37 12557 232748
5dd4189ef30aa640b4e9c094 eb 40 33 1 38 7541 240304
5dd4189ef30aa640b4e9c094 eb 28 28 1 24 3073 243382
5dd4189ef30aa640b4e9c094 eb 31 25 1 30 6607 250003
5dd4189ef30aa640b4e9c094 eb 42 40 1 38 5290 255298
5dd4189ef30aa640b4e9c094 eb 56 51 1 53 5975 261280
5dd4189ef30aa640b4e9c094 eb 56 54 1 52 4252 265552
5dd4189ef30aa640b4e9c094 eb 45 31 1 43 7388 272946
5dd4189ef30aa640b4e9c094 eb 53 50 1 48 6076 279026
5dd4189ef30aa640b4e9c094 eb 55 37 1 50 8760 287791
5dd4189ef30aa640b4e9c094 eb 35 35 1 33 2044 289839
5dd4189ef30aa640b4e9c094 eb 50 42 1 44 6754 296608
5dd4189ef30aa640b4e9c094 eb 48 36 1 45 6893 303506
5dd4189ef30aa640b4e9c094 eb 55 49 1 50 6943 310455
5dd4189ef30aa640b4e9c094 eb 34 50 1 27 9047 319519
5dd4189ef30aa640b4e9c094 zol -0.06 -0.34 1 NA 26428 425700
5dd4189ef30aa640b4e9c094 zol -1.74 -0.16 1 NA 11423 437137
5dd4189ef30aa640b4e9c094 zol 0.53 -0.53 1 NA 1051 438204
5dd4189ef30aa640b4e9c094 zol 0.6 -0.6 1 NA 1129 439341
5dd4189ef30aa640b4e9c094 zol -0.25 0.25 1 NA 919 440272
5dd4189ef30aa640b4e9c094 zol 0.41 -0.41 1 NA 741 441023
5dd4189ef30aa640b4e9c094 zol 0.68 -0.68 1 NA 678 441709
5dd4189ef30aa640b4e9c094 zol -0.61 0.61 1 NA 693 442411
5dd4189ef30aa640b4e9c094 zol 0.12 -0.12 1 NA 689 443109
5dd4189ef30aa640b4e9c094 zol 0.22 -0.22 1 NA 640 443754
5dd4189ef30aa640b4e9c094 zol 0.65 -0.65 1 NA 623 444393
5dd4189ef30aa640b4e9c094 zol 0.15 -0.15 1 NA 745 445150
5dd4189ef30aa640b4e9c094 zol -0.53 0.53 1 NA 665 445823
5dd4189ef30aa640b4e9c094 zol -0.17 0.17 1 NA 736 446572
5dd4189ef30aa640b4e9c094 zol -0.44 0.44 1 NA 628 447213
5dd4189ef30aa640b4e9c094 pog 430.5 329.5 2 329.5 30700 560640
5dd4189ef30aa640b4e9c094 pog 413.5 301.5 2 320.5 29189 589839
5dd4189ef30aa640b4e9c094 pog 449.5 292.5 2 356.5 15996 605840
5dd4189ef30aa640b4e9c094 pog 430.5 387.5 2 332.5 7697 613546
5dd4189ef30aa640b4e9c094 pog 418.5 293.5 2 319.5 9388 622938
5dd4189ef30aa640b4e9c094 pog 399.5 399.5 2 289.5 4180 627126
5dd4189ef30aa640b4e9c094 pog 451.5 384.5 2 355.5 9602 636737
5dd4189ef30aa640b4e9c094 pog 414.5 308.5 2 322.5 8302 645044
5dd4189ef30aa640b4e9c094 pog 405.5 373.5 2 305.5 7304 652356
5dd4189ef30aa640b4e9c094 pog 396.5 270.5 2 297.5 10155 662520
5dd4189ef30aa640b4e9c094 pog 427.5 285.5 2 329.5 9929 672453
5dd4189ef30aa640b4e9c094 pog 379.5 299.5 2 288.5 14217 686675
5dd4189ef30aa640b4e9c094 pog 411.5 283.5 2 315.5 14232 700915
5dd4189ef30aa640b4e9c094 pog 438.5 377.5 2 345.5 12069 712993
5dd4189ef30aa640b4e9c094 pog 446.5 241.5 2 352.5 14582 727579
5dd4189ef30aa640b4e9c094 br -25 -27 1 300 5857 793726
5dd4189ef30aa640b4e9c094 br -23 -23 1 300 4617 798349
5dd4189ef30aa640b4e9c094 br -20 -17 1 300 4360 802716
5dd4189ef30aa640b4e9c094 br -16 14 1 300 4883 807604
5dd4189ef30aa640b4e9c094 br -22 -22 1 300 2333 809942
5dd4189ef30aa640b4e9c094 br -13 49 1 300 7523 817470
5dd4189ef30aa640b4e9c094 br -23 -13 1 300 4143 821619
5dd4189ef30aa640b4e9c094 br -18 -6 1 300 4437 826061
5dd4189ef30aa640b4e9c094 br -13 41 1 300 8646 834715
5dd4189ef30aa640b4e9c094 br -23 -38 1 300 7645 842369
5dd4189ef30aa640b4e9c094 br -14 -5 1 300 6791 849165
5dd4189ef30aa640b4e9c094 br -15 -7 1 300 4626 853795
5dd4189ef30aa640b4e9c094 br -11 49 1 300 6450 860250
5dd4189ef30aa640b4e9c094 br -10 31 1 300 7011 867266
5dd4189ef30aa640b4e9c094 br -14 -37 1 300 10571 877840
5dd4189ef30aa640b4e9c094 pz 29 26 2 46 5422 945257
5dd4189ef30aa640b4e9c094 pz 35 58 2 50 7798 953060
5dd4189ef30aa640b4e9c094 pz 25 52 2 28 9341 962405
5dd4189ef30aa640b4e9c094 pz 32 32 2 46 2258 964669
5dd4189ef30aa640b4e9c094 pz 26 46 2 34 8490 973168
5dd4189ef30aa640b4e9c094 pz 22 59 2 25 11930 985109
5dd4189ef30aa640b4e9c094 pz 16 46 2 20 8421 993538
5dd4189ef30aa640b4e9c094 pz 31 48 2 44 6885 1000433
5dd4189ef30aa640b4e9c094 pz 17 57 2 20 8907 1009345
5dd4189ef30aa640b4e9c094 pz 18 32 2 22 4439 1013790
5dd4189ef30aa640b4e9c094 pz 26 26 2 52 1951 1015744
5dd4189ef30aa640b4e9c094 pz 28 48 2 38 5949 1021699
5dd4189ef30aa640b4e9c094 pz 25 39 2 31 5455 1027159
5dd4189ef30aa640b4e9c094 pz 29 47 2 36 5093 1032255
5dd4189ef30aa640b4e9c094 pz 39 52 2 57 7709 1039969
5dd4189ef30aa640b4e9c094 br 20 -44 2 300 6886 1076837
5dd4189ef30aa640b4e9c094 br 28 12 2 300 8093 1084935
5dd4189ef30aa640b4e9c094 br 15 -35 2 300 5320 1090259
5dd4189ef30aa640b4e9c094 br 24 43 2 300 5824 1096088
5dd4189ef30aa640b4e9c094 br 26 11 2 300 5729 1101821
5dd4189ef30aa640b4e9c094 br 29 16 2 300 6493 1108319
5dd4189ef30aa640b4e9c094 br 29 37 2 300 10798 1119121
5dd4189ef30aa640b4e9c094 br 29 -37 2 300 7570 1126699
5dd4189ef30aa640b4e9c094 br 28 10 2 300 5466 1132171
5dd4189ef30aa640b4e9c094 br 28 41 2 300 8402 1140580
5dd4189ef30aa640b4e9c094 br 19 41 2 300 7388 1147976
5dd4189ef30aa640b4e9c094 br 20 -15 2 300 7139 1155124
5dd4189ef30aa640b4e9c094 br 23 -25 2 300 4249 1159382
5dd4189ef30aa640b4e9c094 br 16 -47 2 300 6907 1166298
5dd4189ef30aa640b4e9c094 br 21 -11 2 300 6090 1172395
5dd4189ef30aa640b4e9c094 zol -0.94 -0.26 2 NA 8333 1195578
5dd4189ef30aa640b4e9c094 zol -1.24 0.64 2 NA 5407 1200990
5dd4189ef30aa640b4e9c094 zol -0.97 0.07 2 NA 5875 1206878
5dd4189ef30aa640b4e9c094 zol -1 -0.6 2 NA 18300 1225184
5dd4189ef30aa640b4e9c094 zol -1.29 0.09 2 NA 11178 1236377
5dd4189ef30aa640b4e9c094 zol -1.3 0.7 2 NA 8638 1245027
5dd4189ef30aa640b4e9c094 zol -1.19 0.09 2 NA 10977 1256023
5dd4189ef30aa640b4e9c094 zol -1.37 -0.23 2 NA 8397 1264434
5dd4189ef30aa640b4e9c094 zol -1.25 0.45 2 NA 8391 1272833
5dd4189ef30aa640b4e9c094 zol -0.7 -0.6 2 NA 13936 1286777
5dd4189ef30aa640b4e9c094 zol -1.05 -0.05 2 NA 8894 1295680
5dd4189ef30aa640b4e9c094 zol -1.54 -0.26 2 NA 8233 1303926
5dd4189ef30aa640b4e9c094 zol -1.32 -0.18 2 NA 12391 1316324
5dd4189ef30aa640b4e9c094 zol -1.34 0.04 2 NA 5956 1322293
5dd4189ef30aa640b4e9c094 zol -1.33 0.53 2 NA 7847 1330147
5dd4189ef30aa640b4e9c094 pz 50 48 1 38 5011 1356427
5dd4189ef30aa640b4e9c094 pz 89 44 1 60 30452 1386884
5dd4189ef30aa640b4e9c094 pz 31 27 1 31 4943 1391837
5dd4189ef30aa640b4e9c094 pz 39 47 1 20 9513 1401355
5dd4189ef30aa640b4e9c094 pz 37 45 1 22 5430 1406790
5dd4189ef30aa640b4e9c094 pz 47 47 1 39 3946 1410745
5dd4189ef30aa640b4e9c094 pz 26 23 1 22 5076 1415831
5dd4189ef30aa640b4e9c094 pz 41 31 1 41 6256 1422092
5dd4189ef30aa640b4e9c094 pz 46 43 1 37 5147 1427244
5dd4189ef30aa640b4e9c094 pz 37 50 1 23 11883 1439137
5dd4189ef30aa640b4e9c094 pz 69 38 1 50 7885 1447031
5dd4189ef30aa640b4e9c094 pz 54 54 1 40 2311 1449351
5dd4189ef30aa640b4e9c094 pz 65 22 1 51 8235 1457596
5dd4189ef30aa640b4e9c094 pz 33 54 1 24 6622 1464223
5dd4189ef30aa640b4e9c094 pz 54 37 1 44 5477 1469705
5dd4189ef30aa640b4e9c094 eb 39 52 2 32 13640 1506402
5dd4189ef30aa640b4e9c094 eb 53 43 2 51 8263 1514671
5dd4189ef30aa640b4e9c094 eb 27 49 2 25 8602 1523287
5dd4189ef30aa640b4e9c094 eb 35 33 2 32 5785 1529087
5dd4189ef30aa640b4e9c094 eb 40 38 2 34 5925 1535025
5dd4189ef30aa640b4e9c094 eb 39 40 2 32 3671 1538711
5dd4189ef30aa640b4e9c094 eb 28 37 2 24 8935 1547651
5dd4189ef30aa640b4e9c094 eb 46 50 2 38 7746 1555411
5dd4189ef30aa640b4e9c094 eb 29 47 2 27 9410 1564827
5dd4189ef30aa640b4e9c094 eb 47 47 2 40 3567 1568400
5dd4189ef30aa640b4e9c094 eb 47 38 2 42 9864 1578270
5dd4189ef30aa640b4e9c094 eb 53 32 2 51 9543 1587819
5dd4189ef30aa640b4e9c094 eb 47 29 2 42 8994 1596819
5dd4189ef30aa640b4e9c094 eb 55 48 2 51 4522 1601348
5dd4189ef30aa640b4e9c094 eb 44 30 2 40 10837 1612199
5dd4189ef30aa640b4e9c094 pog 182 209 1 178 11320 1672778
5dd4189ef30aa640b4e9c094 pog 134 112 1 134 14134 1686917
5dd4189ef30aa640b4e9c094 pog 146 200 1 142 19250 1706171
5dd4189ef30aa640b4e9c094 pog 201 210 1 198 7376 1713551
5dd4189ef30aa640b4e9c094 pog 202 114 1 196 11489 1725044
5dd4189ef30aa640b4e9c094 pog 194 165 1 188 8232 1733280
5dd4189ef30aa640b4e9c094 pog 168 168 1 164 4059 1737348
5dd4189ef30aa640b4e9c094 pog 188 210 1 182 8724 1746075
5dd4189ef30aa640b4e9c094 pog 207 151 1 200 5052 1751132
5dd4189ef30aa640b4e9c094 pog 177 178 1 170 6457 1757597
5dd4189ef30aa640b4e9c094 pog 169 133 1 164 9508 1767109
5dd4189ef30aa640b4e9c094 pog 153 93 1 150 6943 1774061
5dd4189ef30aa640b4e9c094 pog 158 120 1 155 6851 1780916
5dd4189ef30aa640b4e9c094 pog 171 87 1 166 7948 1788872
5dd4189ef30aa640b4e9c094 pog 198 122 1 191 7598 1796475
5f5128c3aa1c4e30e4506d2c br -22 13 1 300 7687 156489
5f5128c3aa1c4e30e4506d2c br -18 -44 1 300 8384 164874
5f5128c3aa1c4e30e4506d2c br -17 -19 1 300 8698 173580
5f5128c3aa1c4e30e4506d2c br -20 -24 1 300 7117 180702
5f5128c3aa1c4e30e4506d2c br -11 -20 1 300 12057 192763
5f5128c3aa1c4e30e4506d2c br -20 -23 1 300 15402 208170
5f5128c3aa1c4e30e4506d2c br -22 9 1 300 6573 214747
5f5128c3aa1c4e30e4506d2c br -20 -35 1 300 6956 221706
5f5128c3aa1c4e30e4506d2c br -14 44 1 300 9482 231196
5f5128c3aa1c4e30e4506d2c br -18 -16 1 300 6650 237851
5f5128c3aa1c4e30e4506d2c br -18 2 1 300 7213 245067
5f5128c3aa1c4e30e4506d2c br -16 -5 1 300 5726 250796
5f5128c3aa1c4e30e4506d2c br -21 -48 1 300 9337 260138
5f5128c3aa1c4e30e4506d2c br -21 8 1 300 7021 267163
5f5128c3aa1c4e30e4506d2c br -14 -11 1 300 4601 271771
5f5128c3aa1c4e30e4506d2c pog 416.5 326.5 2 333.5 23402 334670
5f5128c3aa1c4e30e4506d2c pog 431.5 324.5 2 342.5 26425 361098
5f5128c3aa1c4e30e4506d2c pog 405.5 356.5 2 308.5 11694 372795
5f5128c3aa1c4e30e4506d2c pog 425.5 329.5 2 326.5 17658 390458
5f5128c3aa1c4e30e4506d2c pog 440.5 261.5 2 344.5 16201 406666
5f5128c3aa1c4e30e4506d2c pog 412.5 375.5 2 315.5 9805 416474
5f5128c3aa1c4e30e4506d2c pog 455.5 322.5 2 351.5 30890 447371
5f5128c3aa1c4e30e4506d2c pog 377.5 246.5 2 289.5 20572 467946
5f5128c3aa1c4e30e4506d2c pog 444.5 381.5 2 354.5 21628 489579
5f5128c3aa1c4e30e4506d2c pog 413.5 384.5 2 328.5 10618 500202
5f5128c3aa1c4e30e4506d2c pog 436.5 328.5 2 339.5 23874 524079
5f5128c3aa1c4e30e4506d2c pog 425.5 357.5 2 326.5 15316 539402
5f5128c3aa1c4e30e4506d2c pog 460.5 252.5 2 358.5 18432 557838
5f5128c3aa1c4e30e4506d2c pog 442.5 263.5 2 332.5 18505 576346
5f5128c3aa1c4e30e4506d2c pog 409.5 396.5 2 306.5 33947 610298
5f5128c3aa1c4e30e4506d2c eb 40 47 1 34 7831 665353
5f5128c3aa1c4e30e4506d2c eb 54 33 1 49 10556 675914
5f5128c3aa1c4e30e4506d2c eb 41 51 1 34 6666 682585
5f5128c3aa1c4e30e4506d2c eb 54 30 1 47 9023 691611
5f5128c3aa1c4e30e4506d2c eb 55 28 1 52 6555 698174
5f5128c3aa1c4e30e4506d2c eb 45 38 1 38 5428 703611
5f5128c3aa1c4e30e4506d2c eb 45 29 1 40 5436 709053
5f5128c3aa1c4e30e4506d2c eb 29 25 1 27 5191 714248
5f5128c3aa1c4e30e4506d2c eb 58 47 1 51 8527 722778
5f5128c3aa1c4e30e4506d2c eb 40 52 1 32 7325 730105
5f5128c3aa1c4e30e4506d2c eb 46 49 1 40 5163 735273
5f5128c3aa1c4e30e4506d2c eb 45 26 1 40 8814 744095
5f5128c3aa1c4e30e4506d2c eb 54 39 1 48 8148 752249
5f5128c3aa1c4e30e4506d2c eb 37 34 1 30 6955 759208
5f5128c3aa1c4e30e4506d2c eb 54 41 1 45 11404 770617
5f5128c3aa1c4e30e4506d2c zol -0.4 0.5 2 NA 31135 852221
5f5128c3aa1c4e30e4506d2c zol -1.27 -0.73 2 NA 14097 866329
5f5128c3aa1c4e30e4506d2c zol -0.25 0.05 2 NA 30760 897097
5f5128c3aa1c4e30e4506d2c zol -0.04 0.04 2 NA 14217 911320
5f5128c3aa1c4e30e4506d2c zol -0.1 0 2 NA 10517 921848
5f5128c3aa1c4e30e4506d2c zol -0.00999999999999998 -0.29 2 NA 12507 934362
5f5128c3aa1c4e30e4506d2c zol -0.54 -0.06 2 NA 20135 954505
5f5128c3aa1c4e30e4506d2c zol -0.5 -0.7 2 NA 8505 963021
5f5128c3aa1c4e30e4506d2c zol -0.67 -0.53 2 NA 8194 971225
5f5128c3aa1c4e30e4506d2c zol -0.61 0.71 2 NA 11734 982968
5f5128c3aa1c4e30e4506d2c zol -0.24 -0.46 2 NA 9082 992056
5f5128c3aa1c4e30e4506d2c zol -0.39 0.49 2 NA 20375 1012441
5f5128c3aa1c4e30e4506d2c zol 0.07 -0.27 2 NA 25112 1037562
5f5128c3aa1c4e30e4506d2c zol -0.22 0.12 2 NA 33301 1070872
5f5128c3aa1c4e30e4506d2c zol -0.53 0.53 2 NA 7641 1078525
5f5128c3aa1c4e30e4506d2c pz 67 39 1 43 7803 1126488
5f5128c3aa1c4e30e4506d2c pz 82 39 1 55 12940 1139432
5f5128c3aa1c4e30e4506d2c pz 62 22 1 45 5949 1145384
5f5128c3aa1c4e30e4506d2c pz 75 37 1 54 8587 1153976
5f5128c3aa1c4e30e4506d2c pz 65 28 1 49 5628 1159608
5f5128c3aa1c4e30e4506d2c pz 81 35 1 58 8154 1167768
5f5128c3aa1c4e30e4506d2c pz 75 43 1 54 5164 1172936
5f5128c3aa1c4e30e4506d2c pz 42 25 1 26 4732 1177672
5f5128c3aa1c4e30e4506d2c pz 88 56 1 59 11047 1188729
5f5128c3aa1c4e30e4506d2c pz 54 21 1 45 7995 1196730
5f5128c3aa1c4e30e4506d2c pz 67 37 1 47 6513 1203246
5f5128c3aa1c4e30e4506d2c pz 46 24 1 29 4966 1208216
5f5128c3aa1c4e30e4506d2c pz 82 55 1 53 6716 1214936
5f5128c3aa1c4e30e4506d2c pz 56 46 1 47 6891 1221832
5f5128c3aa1c4e30e4506d2c pz 47 26 1 36 5132 1226968
5f5128c3aa1c4e30e4506d2c br 26 -45 2 300 7577 1252023
5f5128c3aa1c4e30e4506d2c br 28 -25 2 300 7060 1259085
5f5128c3aa1c4e30e4506d2c br 29 -38 2 300 6200 1265288
5f5128c3aa1c4e30e4506d2c br 37 10 2 300 3938 1269229
5f5128c3aa1c4e30e4506d2c br 25 15 2 300 4823 1274056
5f5128c3aa1c4e30e4506d2c br 27 -35 2 300 9515 1283578
5f5128c3aa1c4e30e4506d2c br 32 26 2 300 5258 1288840
5f5128c3aa1c4e30e4506d2c br 33 45 2 300 5143 1293992
5f5128c3aa1c4e30e4506d2c br 24 -45 2 300 11706 1305704
5f5128c3aa1c4e30e4506d2c br 28 -34 2 300 13421 1319129
5f5128c3aa1c4e30e4506d2c br 37 -47 2 300 8907 1328040
5f5128c3aa1c4e30e4506d2c br 28 44 2 300 5147 1333194
5f5128c3aa1c4e30e4506d2c br 25 9 2 300 6393 1339593
5f5128c3aa1c4e30e4506d2c br 33 38 2 300 6073 1345672
5f5128c3aa1c4e30e4506d2c br 31 -32 2 300 4798 1350473
5f5128c3aa1c4e30e4506d2c zol 0.83 0.07 1 NA 32879 1403548
5f5128c3aa1c4e30e4506d2c zol 0.23 -0.03 1 NA 24453 1428007
5f5128c3aa1c4e30e4506d2c zol 0.62 -0.52 1 NA 20759 1448777
5f5128c3aa1c4e30e4506d2c zol 0.68 -0.38 1 NA 15750 1464536
5f5128c3aa1c4e30e4506d2c zol 0.41 0.69 1 NA 17621 1482168
5f5128c3aa1c4e30e4506d2c zol 0.32 -0.12 1 NA 23466 1505640
5f5128c3aa1c4e30e4506d2c zol 0.24 0.56 1 NA 20935 1526584
5f5128c3aa1c4e30e4506d2c zol -0.37 0.37 1 NA 2234 1528824
5f5128c3aa1c4e30e4506d2c zol 0.23 0.07 1 NA 13995 1542829
5f5128c3aa1c4e30e4506d2c zol 0.39 -0.39 1 NA 20483 1563320
5f5128c3aa1c4e30e4506d2c zol 0.69 -0.29 1 NA 20762 1584092
5f5128c3aa1c4e30e4506d2c zol 0.68 0.12 1 NA 24979 1609080
5f5128c3aa1c4e30e4506d2c zol 0.34 0.26 1 NA 17738 1626823
5f5128c3aa1c4e30e4506d2c zol 0.58 0.02 1 NA 30151 1656983
5f5128c3aa1c4e30e4506d2c zol 0.16 0.24 1 NA 16890 1673879
5f5128c3aa1c4e30e4506d2c pz 43 54 2 58 11561 1717223
5f5128c3aa1c4e30e4506d2c pz 33 25 2 46 4745 1721975
5f5128c3aa1c4e30e4506d2c pz 30 21 2 41 4537 1726519
5f5128c3aa1c4e30e4506d2c pz 35 27 2 57 4621 1731144
5f5128c3aa1c4e30e4506d2c pz 15 48 2 20 9546 1740696
5f5128c3aa1c4e30e4506d2c pz 22 54 2 29 5051 1745751
5f5128c3aa1c4e30e4506d2c pz 34 37 2 49 5100 1750855
5f5128c3aa1c4e30e4506d2c pz 32 29 2 44 4985 1755847
5f5128c3aa1c4e30e4506d2c pz 18 30 2 23 6110 1761961
5f5128c3aa1c4e30e4506d2c pz 29 34 2 43 5097 1767063
5f5128c3aa1c4e30e4506d2c pz 27 49 2 40 11900 1778967
5f5128c3aa1c4e30e4506d2c pz 42 52 2 59 5997 1784968
5f5128c3aa1c4e30e4506d2c pz 22 45 2 28 7773 1792745
5f5128c3aa1c4e30e4506d2c pz 14 52 2 20 6920 1799671
5f5128c3aa1c4e30e4506d2c pz 32 33 2 52 5904 1805579
5f5128c3aa1c4e30e4506d2c eb 52 41 2 49 5704 1823767
5f5128c3aa1c4e30e4506d2c eb 35 32 2 31 8604 1832376
5f5128c3aa1c4e30e4506d2c eb 43 28 2 41 7208 1839591
5f5128c3aa1c4e30e4506d2c eb 49 31 2 43 9178 1848777
5f5128c3aa1c4e30e4506d2c eb 57 53 2 50 6602 1855383
5f5128c3aa1c4e30e4506d2c eb 59 31 2 53 13482 1868869
5f5128c3aa1c4e30e4506d2c eb 46 38 2 41 9984 1878855
5f5128c3aa1c4e30e4506d2c eb 55 25 2 52 7368 1886231
5f5128c3aa1c4e30e4506d2c eb 27 44 2 25 10267 1896502
5f5128c3aa1c4e30e4506d2c eb 36 29 2 33 6657 1903164
5f5128c3aa1c4e30e4506d2c eb 56 53 2 51 16567 1919735
5f5128c3aa1c4e30e4506d2c eb 37 29 2 35 6747 1926487
5f5128c3aa1c4e30e4506d2c eb 51 45 2 46 4216 1930712
5f5128c3aa1c4e30e4506d2c eb 55 52 2 46 3048 1933767
5f5128c3aa1c4e30e4506d2c eb 57 54 2 51 3419 1937191
5f5128c3aa1c4e30e4506d2c pog 193 131 1 187 24775 2001575
5f5128c3aa1c4e30e4506d2c pog 200 212 1 185 7406 2008986
5f5128c3aa1c4e30e4506d2c pog 171 192 1 153 11145 2020134
5f5128c3aa1c4e30e4506d2c pog 180 153 1 159 11617 2031755
5f5128c3aa1c4e30e4506d2c pog 181 159 1 165 4984 2036741
5f5128c3aa1c4e30e4506d2c pog 171 184 1 158 5635 2042380
5f5128c3aa1c4e30e4506d2c pog 172 89 1 166 12296 2054679
5f5128c3aa1c4e30e4506d2c pog 181 97 1 185 10062 2064744
5f5128c3aa1c4e30e4506d2c pog 171 92 1 163 9901 2074650
5f5128c3aa1c4e30e4506d2c pog 161 128 1 150 6859 2081513
5f5128c3aa1c4e30e4506d2c pog 188 222 1 178 11851 2093367
5f5128c3aa1c4e30e4506d2c pog 146 190 1 131 12813 2106182
5f5128c3aa1c4e30e4506d2c pog 205 216 1 199 12862 2119046
5f5128c3aa1c4e30e4506d2c pog 166 102 1 163 14829 2133878
5f5128c3aa1c4e30e4506d2c pog 162 213 1 150 8028 2141910
5f95c66b95185d4515eeec8d br 41 -40 2 300 3266 55007
5f95c66b95185d4515eeec8d br 37 -36 2 300 2852 57897
5f95c66b95185d4515eeec8d br 30 0 2 300 2909 60812
5f95c66b95185d4515eeec8d br 32 -3 2 300 3107 63925
5f95c66b95185d4515eeec8d br 32 31 2 300 3133 67066
5f95c66b95185d4515eeec8d br 32 -8 2 300 3700 70776
5f95c66b95185d4515eeec8d br 39 18 2 300 1878 72666
5f95c66b95185d4515eeec8d br 29 -30 2 300 4187 76891
5f95c66b95185d4515eeec8d br 34 29 2 300 2221 79121
5f95c66b95185d4515eeec8d br 35 3 2 300 2263 81394
5f95c66b95185d4515eeec8d br 33 3 2 300 1117 82524
5f95c66b95185d4515eeec8d br 40 17 2 300 3423 85953
5f95c66b95185d4515eeec8d br 34 -24 2 300 3345 89304
5f95c66b95185d4515eeec8d br 39 -21 2 300 2935 92243
5f95c66b95185d4515eeec8d br 29 38 2 300 2265 94513
5f95c66b95185d4515eeec8d pog 216 225 1 175 5720 115664
5f95c66b95185d4515eeec8d pog 222 101 1 189 8037 123708
5f95c66b95185d4515eeec8d pog 203 103 1 175 68768 192484
5f95c66b95185d4515eeec8d pog 194 206 1 163 3542 196031
5f95c66b95185d4515eeec8d pog 205 83 1 177 7307 203343
5f95c66b95185d4515eeec8d pog 152 131 1 128 4233 207580
5f95c66b95185d4515eeec8d pog 153 175 1 120 3106 210688
5f95c66b95185d4515eeec8d pog 161 173 1 133 4747 215437
5f95c66b95185d4515eeec8d pog 201 238 1 168 3162 218610
5f95c66b95185d4515eeec8d pog 163 125 1 129 3875 222490
5f95c66b95185d4515eeec8d pog 244 115 1 200 9665 232159
5f95c66b95185d4515eeec8d pog 197 150 1 162 5364 237528
5f95c66b95185d4515eeec8d pog 164 220 1 120 3555 241087
5f95c66b95185d4515eeec8d pog 178 132 1 140 3050 244138
5f95c66b95185d4515eeec8d pog 170 119 1 129 3045 247187
5f95c66b95185d4515eeec8d pz 26 31 2 41 3386 270544
5f95c66b95185d4515eeec8d pz 26 52 2 44 3019 273599
5f95c66b95185d4515eeec8d pz 28 51 2 37 2403 276014
5f95c66b95185d4515eeec8d pz 27 30 2 57 1865 277886
5f95c66b95185d4515eeec8d pz 25 45 2 48 2226 280114
5f95c66b95185d4515eeec8d pz 27 46 2 34 2443 282569
5f95c66b95185d4515eeec8d pz 30 50 2 46 3825 286400
5f95c66b95185d4515eeec8d pz 35 58 2 57 3149 289555
5f95c66b95185d4515eeec8d pz 30 29 2 49 3008 292576
5f95c66b95185d4515eeec8d pz 28 50 2 39 2568 295149
5f95c66b95185d4515eeec8d pz 33 49 2 54 2135 297291
5f95c66b95185d4515eeec8d pz 24 55 2 27 4199 301502
5f95c66b95185d4515eeec8d pz 17 38 2 20 2002 303518
5f95c66b95185d4515eeec8d pz 22 58 2 42 2824 306343
5f95c66b95185d4515eeec8d pz 26 46 2 40 2185 308533
5f95c66b95185d4515eeec8d eb 48 24 2 40 3289 332415
5f95c66b95185d4515eeec8d eb 32 45 2 29 2024 334441
5f95c66b95185d4515eeec8d eb 48 48 2 39 1295 335740
5f95c66b95185d4515eeec8d eb 39 42 2 33 1727 337472
5f95c66b95185d4515eeec8d eb 27 38 2 28 1822 339298
5f95c66b95185d4515eeec8d eb 46 27 2 44 2308 341610
5f95c66b95185d4515eeec8d eb 43 34 2 34 3074 344689
5f95c66b95185d4515eeec8d eb 29 41 2 27 1792 346483
5f95c66b95185d4515eeec8d eb 55 38 2 47 1929 348414
5f95c66b95185d4515eeec8d eb 37 52 2 27 3351 351770
5f95c66b95185d4515eeec8d eb 58 30 2 49 2789 354564
5f95c66b95185d4515eeec8d eb 57 34 2 42 3169 357746
5f95c66b95185d4515eeec8d eb 66 35 2 49 4735 362482
5f95c66b95185d4515eeec8d eb 33 45 2 30 3524 366009
5f95c66b95185d4515eeec8d eb 62 53 2 51 1930 367942
5f95c66b95185d4515eeec8d zol 1.32 -0.62 1 NA 16274 392289
5f95c66b95185d4515eeec8d zol 2.16 -0.46 1 NA 3838 396153
5f95c66b95185d4515eeec8d zol 2.28 -0.68 1 NA 2282 398438
5f95c66b95185d4515eeec8d zol 2.35 0.05 1 NA 2122 400579
5f95c66b95185d4515eeec8d zol 2.24 0.36 1 NA 2169 402761
5f95c66b95185d4515eeec8d zol 1.24 0.06 1 NA 3788 406555
5f95c66b95185d4515eeec8d zol 1.8 -0.2 1 NA 1843 408408
5f95c66b95185d4515eeec8d zol 1.8 0.6 1 NA 2017 410444
5f95c66b95185d4515eeec8d zol 1.88 -0.48 1 NA 1879 412338
5f95c66b95185d4515eeec8d zol 1.36 0.14 1 NA 3293 415643
5f95c66b95185d4515eeec8d zol 1.23 0.67 1 NA 2154 417805
5f95c66b95185d4515eeec8d zol 1.96 -0.16 1 NA 1750 419574
5f95c66b95185d4515eeec8d zol 2.16 0.04 1 NA 1975 421568
5f95c66b95185d4515eeec8d zol 2.59 -0.39 1 NA 1783 423373
5f95c66b95185d4515eeec8d zol 2.81 -0.31 1 NA 2016 425407
5f95c66b95185d4515eeec8d br -20 28 1 300 2789 431346
5f95c66b95185d4515eeec8d br -11 44 1 300 3044 434392
5f95c66b95185d4515eeec8d br -23 7 1 300 2020 436417
5f95c66b95185d4515eeec8d br -31 -3 1 300 1927 438355
5f95c66b95185d4515eeec8d br -37 3 1 300 2258 440651
5f95c66b95185d4515eeec8d br -8 -39 1 300 2156 442816
5f95c66b95185d4515eeec8d br -17 27 1 300 2661 445484
5f95c66b95185d4515eeec8d br -10 42 1 300 2615 448104
5f95c66b95185d4515eeec8d br -23 19 1 300 2330 450445
5f95c66b95185d4515eeec8d br -4 -33 1 300 2091 452538
5f95c66b95185d4515eeec8d br -32 10 1 300 2181 454721
5f95c66b95185d4515eeec8d br -9 50 1 300 3421 458151
5f95c66b95185d4515eeec8d br -18 17 1 300 2253 460413
5f95c66b95185d4515eeec8d br -14 23 1 300 2077 462500
5f95c66b95185d4515eeec8d br -17 -17 1 300 1261 463765
5f95c66b95185d4515eeec8d pog 361.5 394.5 2 283.5 3706 472273
5f95c66b95185d4515eeec8d pog 349.5 328.5 2 285.5 2803 475083
5f95c66b95185d4515eeec8d pog 374.5 271.5 2 329.5 5324 480418
5f95c66b95185d4515eeec8d pog 343.5 329.5 2 294.5 2461 482883
5f95c66b95185d4515eeec8d pog 387.5 259.5 2 337.5 7364 490254
5f95c66b95185d4515eeec8d pog 408.5 246.5 2 352.5 8611 498874
5f95c66b95185d4515eeec8d pog 367.5 286.5 2 309.5 5134 504025
5f95c66b95185d4515eeec8d pog 382.5 359.5 2 319.5 3142 507176
5f95c66b95185d4515eeec8d pog 402.5 327.5 2 348.5 6919 514099
5f95c66b95185d4515eeec8d pog 378.5 356.5 2 329.5 2573 516683
5f95c66b95185d4515eeec8d pog 380.5 363.5 2 332.5 4586 521275
5f95c66b95185d4515eeec8d pog 405.5 380.5 2 355.5 4256 525541
5f95c66b95185d4515eeec8d pog 369.5 363.5 2 286.5 1916 527461
5f95c66b95185d4515eeec8d pog 383.5 354.5 2 324.5 6308 533775
5f95c66b95185d4515eeec8d pog 433.5 382.5 2 351.5 7983 541759
5f95c66b95185d4515eeec8d pz 74 43 1 48 8548 552798
5f95c66b95185d4515eeec8d pz 75 38 1 48 2392 555195
5f95c66b95185d4515eeec8d pz 75 52 1 48 1956 557159
5f95c66b95185d4515eeec8d pz 31 45 1 22 2173 559341
5f95c66b95185d4515eeec8d pz 46 32 1 33 1729 561076
5f95c66b95185d4515eeec8d pz 55 42 1 36 3701 564783
5f95c66b95185d4515eeec8d pz 41 28 1 24 2233 567026
5f95c66b95185d4515eeec8d pz 84 40 1 57 3448 570488
5f95c66b95185d4515eeec8d pz 76 30 1 42 2889 573380
5f95c66b95185d4515eeec8d pz 38 60 1 25 2570 575957
5f95c66b95185d4515eeec8d pz 50 26 1 30 2094 578060
5f95c66b95185d4515eeec8d pz 40 56 1 24 2229 580295
5f95c66b95185d4515eeec8d pz 100 30 1 57 8907 589216
5f95c66b95185d4515eeec8d pz 96 23 1 51 5527 594749
5f95c66b95185d4515eeec8d pz 78 35 1 53 2967 597725
5f95c66b95185d4515eeec8d eb 39 26 1 34 4957 605610
5f95c66b95185d4515eeec8d eb 54 41 1 42 1960 607574
5f95c66b95185d4515eeec8d eb 61 35 1 45 2364 609942
5f95c66b95185d4515eeec8d eb 55 31 1 45 2124 612072
5f95c66b95185d4515eeec8d eb 33 27 1 25 1926 614000
5f95c66b95185d4515eeec8d eb 42 37 1 30 2008 616012
5f95c66b95185d4515eeec8d eb 51 36 1 35 1786 617805
5f95c66b95185d4515eeec8d eb 48 47 1 41 3716 621525
5f95c66b95185d4515eeec8d eb 44 25 1 47 3222 624749
5f95c66b95185d4515eeec8d eb 60 49 1 54 1652 626403
5f95c66b95185d4515eeec8d eb 33 34 1 28 1488 627893
5f95c66b95185d4515eeec8d eb 55 27 1 48 2199 630095
5f95c66b95185d4515eeec8d eb 39 32 1 26 2193 632297
5f95c66b95185d4515eeec8d eb 39 28 1 28 1868 634172
5f95c66b95185d4515eeec8d eb 48 30 1 33 2438 636614
5f95c66b95185d4515eeec8d zol -2.02 0.52 2 NA 9985 649476
5f95c66b95185d4515eeec8d zol -1.97 -0.13 2 NA 2622 652115
5f95c66b95185d4515eeec8d zol -1.77 -0.63 2 NA 2482 654619
5f95c66b95185d4515eeec8d zol -2.6 0 2 NA 5258 659900
5f95c66b95185d4515eeec8d zol -1.68 -0.62 2 NA 4530 664448
5f95c66b95185d4515eeec8d zol -1.81 -0.19 2 NA 2613 667076
5f95c66b95185d4515eeec8d zol -2.05 0.05 2 NA 2850 669937
5f95c66b95185d4515eeec8d zol -2.56 0.36 2 NA 2899 672850
5f95c66b95185d4515eeec8d zol -1.69 -0.61 2 NA 4168 677035
5f95c66b95185d4515eeec8d zol -2.11 -0.69 2 NA 5399 682452
5f95c66b95185d4515eeec8d zol -1.93 -0.67 2 NA 2508 684976
5f95c66b95185d4515eeec8d zol -2.32 0.02 2 NA 2286 687271
5f95c66b95185d4515eeec8d zol -2.68 0.48 2 NA 2678 689955
5f95c66b95185d4515eeec8d zol -2.83 0.23 2 NA 3322 693286
5f95c66b95185d4515eeec8d zol -1.87 0.37 2 NA 6515 699809
60fe229a550418f2f7e5d541 br -24 8 1 300 3079 83644
60fe229a550418f2f7e5d541 br -12 32 1 300 4110 87758
60fe229a550418f2f7e5d541 br -16 33 1 300 2809 90571
60fe229a550418f2f7e5d541 br -21 -50 1 300 4142 94716
60fe229a550418f2f7e5d541 br -22 29 1 300 5880 100602
60fe229a550418f2f7e5d541 br -12 43 1 300 4582 105189
60fe229a550418f2f7e5d541 br -23 -22 1 300 3558 108752
60fe229a550418f2f7e5d541 br -28 -44 1 300 3732 112490
60fe229a550418f2f7e5d541 br -26 27 1 300 6992 119486
60fe229a550418f2f7e5d541 br -21 2 1 300 4059 123551
60fe229a550418f2f7e5d541 br -28 8 1 300 4774 128331
60fe229a550418f2f7e5d541 br -27 -27 1 300 1651 129986
60fe229a550418f2f7e5d541 br -22 -22 1 300 1079 131071
60fe229a550418f2f7e5d541 br -18 -18 1 300 1208 132284
60fe229a550418f2f7e5d541 br -19 20 1 300 4082 136370
60fe229a550418f2f7e5d541 pz 38 37 1 31 2505 167380
60fe229a550418f2f7e5d541 pz 32 48 1 20 4639 172023
60fe229a550418f2f7e5d541 pz 26 26 1 21 1557 173587
60fe229a550418f2f7e5d541 pz 80 47 1 59 9705 183302
60fe229a550418f2f7e5d541 pz 75 49 1 45 3755 187061
60fe229a550418f2f7e5d541 pz 60 57 1 37 2040 189108
60fe229a550418f2f7e5d541 pz 77 33 1 54 3983 193098
60fe229a550418f2f7e5d541 pz 71 37 1 58 3626 196728
60fe229a550418f2f7e5d541 pz 38 40 1 25 4310 201045
60fe229a550418f2f7e5d541 pz 72 54 1 56 3499 204550
60fe229a550418f2f7e5d541 pz 74 48 1 53 4660 209216
60fe229a550418f2f7e5d541 pz 43 43 1 29 2350 211570
60fe229a550418f2f7e5d541 pz 32 52 1 23 8890 220464
60fe229a550418f2f7e5d541 pz 51 51 1 31 2076 222549
60fe229a550418f2f7e5d541 pz 45 59 1 22 3646 226202
60fe229a550418f2f7e5d541 zol 1.67 0.33 1 NA 9860 273049
60fe229a550418f2f7e5d541 zol 1.75 -0.35 1 NA 8699 281762
60fe229a550418f2f7e5d541 zol 1.73 -0.03 1 NA 5340 287109
60fe229a550418f2f7e5d541 zol 1.68 0.22 1 NA 6013 293129
60fe229a550418f2f7e5d541 zol 1.26 0.74 1 NA 5459 298594
60fe229a550418f2f7e5d541 zol 2.03 -0.53 1 NA 3227 301828
60fe229a550418f2f7e5d541 zol 2.08 -0.28 1 NA 2598 304434
60fe229a550418f2f7e5d541 zol 1.51 -0.21 1 NA 2084 306524
60fe229a550418f2f7e5d541 zol 2.55 -0.15 1 NA 4313 310846
60fe229a550418f2f7e5d541 zol 2 -0.3 1 NA 2716 313569
60fe229a550418f2f7e5d541 zol 1.93 -0.63 1 NA 2852 316432
60fe229a550418f2f7e5d541 zol 2.54 -0.74 1 NA 3350 319789
60fe229a550418f2f7e5d541 zol 2.02 0.38 1 NA 4542 324341
60fe229a550418f2f7e5d541 zol 2.28 -0.08 1 NA 3180 327529
60fe229a550418f2f7e5d541 zol 1.63 -0.33 1 NA 3919 331455
60fe229a550418f2f7e5d541 pog 351.5 263.5 2 283.5 4646 357822
60fe229a550418f2f7e5d541 pog 365.5 303.5 2 299.5 4727 362553
60fe229a550418f2f7e5d541 pog 386.5 354.5 2 320.5 4409 366965
60fe229a550418f2f7e5d541 pog 368.5 343.5 2 297.5 4517 371487
60fe229a550418f2f7e5d541 pog 425.5 286.5 2 353.5 9805 381295
60fe229a550418f2f7e5d541 pog 379.5 248.5 2 296.5 7778 389078
60fe229a550418f2f7e5d541 pog 380.5 397.5 2 288.5 3509 392591
60fe229a550418f2f7e5d541 pog 376.5 298.5 2 294.5 4184 396779
60fe229a550418f2f7e5d541 pog 408.5 395.5 2 338.5 1683 398465
60fe229a550418f2f7e5d541 pog 360.5 352.5 2 293.5 1449 399919
60fe229a550418f2f7e5d541 pog 357.5 362.5 2 284.5 2304 402227
60fe229a550418f2f7e5d541 pog 398.5 347.5 2 329.5 6077 408308
60fe229a550418f2f7e5d541 pog 422.5 271.5 2 349.5 6572 414884
60fe229a550418f2f7e5d541 pog 411.5 397.5 2 340.5 3965 418854
60fe229a550418f2f7e5d541 pog 395.5 368.5 2 325.5 2674 421532
60fe229a550418f2f7e5d541 eb 57 31 1 40 3232 444828
60fe229a550418f2f7e5d541 eb 65 33 1 50 3166 447999
60fe229a550418f2f7e5d541 eb 65 43 1 54 2334 450337
60fe229a550418f2f7e5d541 eb 49 32 1 50 1752 452096
60fe229a550418f2f7e5d541 eb 53 53 1 49 1733 453833
60fe229a550418f2f7e5d541 eb 58 54 1 51 1704 455542
60fe229a550418f2f7e5d541 eb 28 24 1 24 1550 457097
60fe229a550418f2f7e5d541 eb 50 36 1 50 1719 458820
60fe229a550418f2f7e5d541 eb 39 37 1 30 1614 460440
60fe229a550418f2f7e5d541 eb 48 36 1 36 1585 462032
60fe229a550418f2f7e5d541 eb 31 30 1 27 1115 463151
60fe229a550418f2f7e5d541 eb 56 52 1 47 1676 464831
60fe229a550418f2f7e5d541 eb 44 42 1 34 1023 465859
60fe229a550418f2f7e5d541 eb 58 46 1 48 1958 467822
60fe229a550418f2f7e5d541 eb 51 49 1 44 1335 469163
60fe229a550418f2f7e5d541 br 32 -40 2 300 5323 483545
60fe229a550418f2f7e5d541 br 34 16 2 300 2443 485992
60fe229a550418f2f7e5d541 br 31 30 2 300 2054 488052
60fe229a550418f2f7e5d541 br 26 -34 2 300 2161 490217
60fe229a550418f2f7e5d541 br 22 -48 2 300 2992 493213
60fe229a550418f2f7e5d541 br 24 -23 2 300 1520 494736
60fe229a550418f2f7e5d541 br 30 3 2 300 1307 496047
60fe229a550418f2f7e5d541 br 28 -39 2 300 2065 498115
60fe229a550418f2f7e5d541 br 22 -32 2 300 1605 499724
60fe229a550418f2f7e5d541 br 19 -32 2 300 1575 501305
60fe229a550418f2f7e5d541 br 22 -12 2 300 947 502255
60fe229a550418f2f7e5d541 br 25 37 2 300 2562 504821
60fe229a550418f2f7e5d541 br 29 31 2 300 2090 506915
60fe229a550418f2f7e5d541 br 29 -41 2 300 2669 509587
60fe229a550418f2f7e5d541 br 20 33 2 300 2592 512183
60fe229a550418f2f7e5d541 pz 26 48 2 44 2487 523806
60fe229a550418f2f7e5d541 pz 23 27 2 32 1389 525200
60fe229a550418f2f7e5d541 pz 19 26 2 24 4011 529215
60fe229a550418f2f7e5d541 pz 27 27 2 49 1382 530600
60fe229a550418f2f7e5d541 pz 41 60 2 59 2248 532852
60fe229a550418f2f7e5d541 pz 20 43 2 32 2919 535775
60fe229a550418f2f7e5d541 pz 19 30 2 24 1833 537613
60fe229a550418f2f7e5d541 pz 42 56 2 55 1925 539544
60fe229a550418f2f7e5d541 pz 20 41 2 28 4771 544322
60fe229a550418f2f7e5d541 pz 20 40 2 32 4742 549068
60fe229a550418f2f7e5d541 pz 26 39 2 34 1811 550884
60fe229a550418f2f7e5d541 pz 37 41 2 57 1640 552529
60fe229a550418f2f7e5d541 pz 28 54 2 35 2778 555313
60fe229a550418f2f7e5d541 pz 42 52 2 60 1928 557248
60fe229a550418f2f7e5d541 pz 42 42 2 55 1882 559136
60fe229a550418f2f7e5d541 eb 63 44 2 53 3210 566839
60fe229a550418f2f7e5d541 eb 52 29 2 36 1743 568587
60fe229a550418f2f7e5d541 eb 68 38 2 54 1847 570439
60fe229a550418f2f7e5d541 eb 62 50 2 49 1440 571884
60fe229a550418f2f7e5d541 eb 55 40 2 31 4790 576681
60fe229a550418f2f7e5d541 eb 56 43 2 39 1721 578409
60fe229a550418f2f7e5d541 eb 52 47 2 35 2371 580786
60fe229a550418f2f7e5d541 eb 44 32 2 33 1250 582042
60fe229a550418f2f7e5d541 eb 43 43 2 48 20143 602189
60fe229a550418f2f7e5d541 eb 51 51 2 39 2260 604453
60fe229a550418f2f7e5d541 eb 55 47 2 46 1944 606403
60fe229a550418f2f7e5d541 eb 61 26 2 54 2104 608514
60fe229a550418f2f7e5d541 eb 54 34 2 40 4039 612558
60fe229a550418f2f7e5d541 eb 55 45 2 48 1723 614286
60fe229a550418f2f7e5d541 eb 49 45 2 38 1755 616047
60fe229a550418f2f7e5d541 zol -1.72 -0.28 2 NA 4900 630588
60fe229a550418f2f7e5d541 zol -1.66 -0.54 2 NA 7128 637725
60fe229a550418f2f7e5d541 zol -2.08 0.08 2 NA 4201 641934
60fe229a550418f2f7e5d541 zol -2.27 0.37 2 NA 5008 646952
60fe229a550418f2f7e5d541 zol -1.56 0.26 2 NA 5719 652681
60fe229a550418f2f7e5d541 zol -1.24 -0.16 2 NA 5386 658075
60fe229a550418f2f7e5d541 zol -1.98 -0.42 2 NA 5396 663479
60fe229a550418f2f7e5d541 zol -2 0 2 NA 5833 669319
60fe229a550418f2f7e5d541 zol -1.21 0.31 2 NA 9135 678461
60fe229a550418f2f7e5d541 zol -1.37 0.67 2 NA 3029 681498
60fe229a550418f2f7e5d541 zol -1.8 0.4 2 NA 3872 685377
60fe229a550418f2f7e5d541 zol -1.77 0.47 2 NA 4345 689732
60fe229a550418f2f7e5d541 zol -1.31 0.51 2 NA 3539 693278
60fe229a550418f2f7e5d541 zol -1.35 0.25 2 NA 2954 696243
60fe229a550418f2f7e5d541 zol -1.77 -0.33 2 NA 5116 701367
60fe229a550418f2f7e5d541 pog 203 161 1 190 2715 716674
60fe229a550418f2f7e5d541 pog 174 172 1 171 1092 717770
60fe229a550418f2f7e5d541 pog 163 226 1 133 4535 722308
60fe229a550418f2f7e5d541 pog 156 151 1 142 1446 723757
60fe229a550418f2f7e5d541 pog 171 159 1 167 1425 725185
60fe229a550418f2f7e5d541 pog 203 203 1 181 1157 726346
60fe229a550418f2f7e5d541 pog 175 131 1 158 3120 729469
60fe229a550418f2f7e5d541 pog 136 90 1 133 2343 731816
60fe229a550418f2f7e5d541 pog 173 116 1 165 2789 734610
60fe229a550418f2f7e5d541 pog 194 233 1 166 3673 738287
60fe229a550418f2f7e5d541 pog 184 112 1 170 3146 741437
60fe229a550418f2f7e5d541 pog 141 120 1 125 2400 743841
60fe229a550418f2f7e5d541 pog 153 132 1 125 1493 745338
60fe229a550418f2f7e5d541 pog 182 181 1 163 972 746313
60fe229a550418f2f7e5d541 pog 167 223 1 139 4107 750424
63dd2985d0d2d04b0acd026f br -17 -49 1 300 6765 221953
63dd2985d0d2d04b0acd026f br -15 50 1 300 7066 229020
63dd2985d0d2d04b0acd026f br -19 -19 1 300 7598 236620
63dd2985d0d2d04b0acd026f br -22 22 1 300 5368 241990
63dd2985d0d2d04b0acd026f br -25 9 1 300 5464 247457
63dd2985d0d2d04b0acd026f br -23 -4 1 300 3219 250677
63dd2985d0d2d04b0acd026f br -26 -23 1 300 6039 256726
63dd2985d0d2d04b0acd026f br -18 -6 1 300 2654 259383
63dd2985d0d2d04b0acd026f br -24 25 1 300 5379 264764
63dd2985d0d2d04b0acd026f br -17 -48 1 300 4506 269271
63dd2985d0d2d04b0acd026f br -18 -15 1 300 2795 272078
63dd2985d0d2d04b0acd026f br -19 -12 1 300 3339 275419
63dd2985d0d2d04b0acd026f br -17 12 1 300 10460 285884
63dd2985d0d2d04b0acd026f br -28 -37 1 300 3402 289288
63dd2985d0d2d04b0acd026f br -21 7 1 300 6437 295729
63dd2985d0d2d04b0acd026f pz 44 30 1 47 3119 339912
63dd2985d0d2d04b0acd026f pz 59 23 1 56 4981 344896
63dd2985d0d2d04b0acd026f pz 63 34 1 60 17093 361991
63dd2985d0d2d04b0acd026f pz 36 59 1 33 9308 371304
63dd2985d0d2d04b0acd026f pz 55 55 1 50 2607 373915
63dd2985d0d2d04b0acd026f pz 55 60 1 45 3854 377771
63dd2985d0d2d04b0acd026f pz 41 35 1 38 2467 380242
63dd2985d0d2d04b0acd026f pz 25 33 1 22 4906 385154
63dd2985d0d2d04b0acd026f pz 44 52 1 39 13342 398498
63dd2985d0d2d04b0acd026f pz 46 47 1 41 4415 402915
63dd2985d0d2d04b0acd026f pz 59 46 1 59 3655 406573
63dd2985d0d2d04b0acd026f pz 57 40 1 48 3514 410089
63dd2985d0d2d04b0acd026f pz 51 28 1 50 3586 413678
63dd2985d0d2d04b0acd026f pz 34 34 1 32 3585 417268
63dd2985d0d2d04b0acd026f pz 61 51 1 58 6987 424257
63dd2985d0d2d04b0acd026f zol 0.92 -0.22 1 NA 9142 503305
63dd2985d0d2d04b0acd026f zol 1.28 0.32 1 NA 6517 509825
63dd2985d0d2d04b0acd026f zol 1.35 -0.75 1 NA 7749 517578
63dd2985d0d2d04b0acd026f zol 1.3 0.4 1 NA 14172 531753
63dd2985d0d2d04b0acd026f zol 1.32 -0.32 1 NA 7418 539177
63dd2985d0d2d04b0acd026f zol 1.26 0.04 1 NA 3928 543108
63dd2985d0d2d04b0acd026f zol 1.43 0.07 1 NA 3440 546550
63dd2985d0d2d04b0acd026f zol 1.74 -0.64 1 NA 3498 550052
63dd2985d0d2d04b0acd026f zol 1.7 -0.5 1 NA 3299 553354
63dd2985d0d2d04b0acd026f zol 1.76 -0.26 1 NA 3470 556828
63dd2985d0d2d04b0acd026f zol 1.35 -0.25 1 NA 2640 559472
63dd2985d0d2d04b0acd026f zol 1.05 -0.15 1 NA 7215 566693
63dd2985d0d2d04b0acd026f zol 0.75 0.65 1 NA 10165 576861
63dd2985d0d2d04b0acd026f zol 0.81 -0.21 1 NA 6950 583814
63dd2985d0d2d04b0acd026f zol 0.87 0.43 1 NA 4688 588505
63dd2985d0d2d04b0acd026f pog 194 118 1 176 10488 649970
63dd2985d0d2d04b0acd026f pog 166 173 1 147 5561 655532
63dd2985d0d2d04b0acd026f pog 198 108 1 172 8315 663850
63dd2985d0d2d04b0acd026f pog 193 225 1 173 17427 681279
63dd2985d0d2d04b0acd026f pog 202 85 1 182 13366 694649
63dd2985d0d2d04b0acd026f pog 196 217 1 170 8342 702996
63dd2985d0d2d04b0acd026f pog 220 108 1 197 9863 712860
63dd2985d0d2d04b0acd026f pog 213 132 1 187 9367 722229
63dd2985d0d2d04b0acd026f pog 203 80 1 185 12488 734719
63dd2985d0d2d04b0acd026f pog 215 198 1 195 3767 738488
63dd2985d0d2d04b0acd026f pog 191 143 1 172 4764 743264
63dd2985d0d2d04b0acd026f pog 178 105 1 159 12339 755604
63dd2985d0d2d04b0acd026f pog 174 195 1 153 8643 764253
63dd2985d0d2d04b0acd026f pog 189 220 1 164 6909 771166
63dd2985d0d2d04b0acd026f pog 203 95 1 185 13214 784382
63dd2985d0d2d04b0acd026f eb 29 28 2 26 9442 893034
63dd2985d0d2d04b0acd026f eb 31 46 2 29 21609 914646
63dd2985d0d2d04b0acd026f eb 32 30 2 31 3475 918129
63dd2985d0d2d04b0acd026f eb 42 27 2 47 32598 950733
63dd2985d0d2d04b0acd026f eb 29 44 2 26 14076 964817
63dd2985d0d2d04b0acd026f eb 27 51 2 25 24267 989090
63dd2985d0d2d04b0acd026f eb 25 29 2 24 6537 995630
63dd2985d0d2d04b0acd026f eb 37 39 2 36 11641 1007273
63dd2985d0d2d04b0acd026f eb 50 41 2 52 27155 1034431
63dd2985d0d2d04b0acd026f eb 31 40 2 28 13570 1048006
63dd2985d0d2d04b0acd026f eb 38 54 2 39 8138 1056150
63dd2985d0d2d04b0acd026f eb 42 44 2 44 6459 1062611
63dd2985d0d2d04b0acd026f eb 42 44 2 41 3971 1066586
63dd2985d0d2d04b0acd026f eb 42 35 2 38 3963 1070551
63dd2985d0d2d04b0acd026f eb 46 53 2 46 7593 1078146
63dd2985d0d2d04b0acd026f eb 54 48 1 54 16886 1109461
63dd2985d0d2d04b0acd026f eb 37 54 1 32 10156 1119623
63dd2985d0d2d04b0acd026f eb 31 35 1 29 7708 1127333
63dd2985d0d2d04b0acd026f eb 36 35 1 35 4763 1132099
63dd2985d0d2d04b0acd026f eb 48 54 1 45 11969 1144071
63dd2985d0d2d04b0acd026f eb 33 37 1 29 7644 1151717
63dd2985d0d2d04b0acd026f eb 37 31 1 33 16737 1168457
63dd2985d0d2d04b0acd026f eb 40 34 1 36 6652 1175112
63dd2985d0d2d04b0acd026f eb 38 44 1 34 2830 1177944
63dd2985d0d2d04b0acd026f eb 31 34 1 27 3118 1181065
63dd2985d0d2d04b0acd026f eb 49 53 1 46 4722 1185793
63dd2985d0d2d04b0acd026f eb 38 24 1 35 6025 1191822
63dd2985d0d2d04b0acd026f eb 43 28 1 40 7555 1199380
63dd2985d0d2d04b0acd026f eb 56 35 1 50 16922 1216305
63dd2985d0d2d04b0acd026f eb 44 48 1 42 7568 1223876
63dd2985d0d2d04b0acd026f br 27 29 2 300 11961 1251337
63dd2985d0d2d04b0acd026f br 30 0 2 300 3266 1254607
63dd2985d0d2d04b0acd026f br 30 -8 2 300 4481 1259090
63dd2985d0d2d04b0acd026f br 28 -8 2 300 8239 1267331
63dd2985d0d2d04b0acd026f br 27 -5 2 300 3270 1270603
63dd2985d0d2d04b0acd026f br 27 42 2 300 7905 1278513
63dd2985d0d2d04b0acd026f br 26 28 2 300 3951 1282466
63dd2985d0d2d04b0acd026f br 29 37 2 300 6195 1288663
63dd2985d0d2d04b0acd026f br 28 38 2 300 5923 1294591
63dd2985d0d2d04b0acd026f br 25 -27 2 300 5402 1299997
63dd2985d0d2d04b0acd026f br 32 27 2 300 4815 1304813
63dd2985d0d2d04b0acd026f br 28 15 2 300 4007 1308822
63dd2985d0d2d04b0acd026f br 35 40 2 300 4238 1313062
63dd2985d0d2d04b0acd026f br 26 17 2 300 5467 1318531
63dd2985d0d2d04b0acd026f br 27 -3 2 300 1847 1320380
63dd2985d0d2d04b0acd026f pz 43 26 2 45 5117 1339182
63dd2985d0d2d04b0acd026f pz 38 22 2 40 3082 1342266
63dd2985d0d2d04b0acd026f pz 61 24 2 59 6336 1348605
63dd2985d0d2d04b0acd026f pz 26 47 2 27 6018 1354626
63dd2985d0d2d04b0acd026f pz 21 52 2 20 7736 1362366
63dd2985d0d2d04b0acd026f pz 24 30 2 28 3651 1366020
63dd2985d0d2d04b0acd026f pz 22 32 2 25 3810 1369840
63dd2985d0d2d04b0acd026f pz 54 48 2 59 4124 1373967
63dd2985d0d2d04b0acd026f pz 42 48 2 46 3307 1377276
63dd2985d0d2d04b0acd026f pz 41 40 2 45 2133 1379411
63dd2985d0d2d04b0acd026f pz 27 41 2 31 5248 1384664
63dd2985d0d2d04b0acd026f pz 38 55 2 40 4058 1388727
63dd2985d0d2d04b0acd026f pz 31 42 2 30 5388 1394118
63dd2985d0d2d04b0acd026f pz 29 47 2 33 4506 1398626
63dd2985d0d2d04b0acd026f pz 34 49 2 35 5341 1403974
63dd2985d0d2d04b0acd026f zol -1.55 0.45 2 NA 27414 1443885
63dd2985d0d2d04b0acd026f zol -0.74 -0.06 2 NA 13955 1457846
63dd2985d0d2d04b0acd026f zol -1.17 0.17 2 NA 4007 1461856
63dd2985d0d2d04b0acd026f zol -1.12 -0.48 2 NA 15055 1476914
63dd2985d0d2d04b0acd026f zol -1.24 -0.46 2 NA 19279 1496197
63dd2985d0d2d04b0acd026f zol -1.42 -0.68 2 NA 10080 1506280
63dd2985d0d2d04b0acd026f zol -1.43 0.43 2 NA 8355 1514639
63dd2985d0d2d04b0acd026f zol -1.3 0.3 2 NA 7401 1522047
63dd2985d0d2d04b0acd026f zol -1.15 -0.65 2 NA 12104 1534154
63dd2985d0d2d04b0acd026f zol -1.17 -0.73 2 NA 5373 1539533
63dd2985d0d2d04b0acd026f zol -1.68 0.18 2 NA 5103 1544640
63dd2985d0d2d04b0acd026f zol -0.33 0.53 2 NA 11586 1556232
63dd2985d0d2d04b0acd026f zol -0.47 0.07 2 NA 5009 1561259
63dd2985d0d2d04b0acd026f zol -1.47 0.47 2 NA 3820 1565086
63dd2985d0d2d04b0acd026f zol -0.27 -0.63 2 NA 5718 1570807
63dd2985d0d2d04b0acd026f pog 364.5 316.5 2 319.5 5081 1605754
63dd2985d0d2d04b0acd026f pog 347.5 366.5 2 289.5 8302 1614058
63dd2985d0d2d04b0acd026f pog 393.5 277.5 2 348.5 10310 1624370
63dd2985d0d2d04b0acd026f pog 347.5 322.5 2 297.5 7517 1631889
63dd2985d0d2d04b0acd026f pog 382.5 270.5 2 337.5 8992 1640890
63dd2985d0d2d04b0acd026f pog 394.5 359.5 2 331.5 6872 1647764
63dd2985d0d2d04b0acd026f pog 417.5 286.5 2 352.5 12101 1659869
63dd2985d0d2d04b0acd026f pog 396.5 383.5 2 326.5 3394 1663265
63dd2985d0d2d04b0acd026f pog 360.5 268.5 2 292.5 15319 1678588
63dd2985d0d2d04b0acd026f pog 376.5 311.5 2 320.5 10323 1688913
63dd2985d0d2d04b0acd026f pog 393.5 369.5 2 331.5 4182 1693096
63dd2985d0d2d04b0acd026f pog 374.5 358.5 2 314.5 3391 1696489
63dd2985d0d2d04b0acd026f pog 414.5 270.5 2 356.5 12997 1709488
63dd2985d0d2d04b0acd026f pog 399.5 358.5 2 318.5 8790 1718280
63dd2985d0d2d04b0acd026f pog 371.5 339.5 2 305.5 7605 1725886
63e84e3cf268c03296055d60 pz 27 47 2 28 15286 154444
63e84e3cf268c03296055d60 pz 30 37 2 28 8335 162780
63e84e3cf268c03296055d60 pz 34 59 2 32 9137 171922
63e84e3cf268c03296055d60 pz 33 33 2 32 4751 176676
63e84e3cf268c03296055d60 pz 31 22 2 32 9305 185984
63e84e3cf268c03296055d60 pz 22 38 2 24 10247 196233
63e84e3cf268c03296055d60 pz 40 23 2 43 6945 203185
63e84e3cf268c03296055d60 pz 25 44 2 27 7514 210702
63e84e3cf268c03296055d60 pz 34 57 2 35 8797 219505
63e84e3cf268c03296055d60 pz 34 47 2 33 5700 225208
63e84e3cf268c03296055d60 pz 49 36 2 51 10361 235573
63e84e3cf268c03296055d60 pz 51 60 2 52 10076 245652
63e84e3cf268c03296055d60 pz 18 50 2 21 6566 252221
63e84e3cf268c03296055d60 pz 21 58 2 21 7660 259884
63e84e3cf268c03296055d60 pz 60 57 2 59 7184 267070
63e84e3cf268c03296055d60 eb 36 27 2 31 4288 337719
63e84e3cf268c03296055d60 eb 31 28 2 25 1716 339438
63e84e3cf268c03296055d60 eb 48 43 2 47 4645 344086
63e84e3cf268c03296055d60 eb 54 25 2 52 7265 351354
63e84e3cf268c03296055d60 eb 35 52 2 30 11080 362439
63e84e3cf268c03296055d60 eb 49 54 2 43 5759 368203
63e84e3cf268c03296055d60 eb 46 54 2 41 8764 376970
63e84e3cf268c03296055d60 eb 56 24 2 50 7003 383975
63e84e3cf268c03296055d60 eb 45 43 2 41 4243 388222
63e84e3cf268c03296055d60 eb 25 39 2 24 7827 396053
63e84e3cf268c03296055d60 eb 39 39 2 40 2883 398939
63e84e3cf268c03296055d60 eb 50 31 2 46 15607 414549
63e84e3cf268c03296055d60 eb 41 49 2 37 5452 420004
63e84e3cf268c03296055d60 eb 45 42 2 44 6430 426438
63e84e3cf268c03296055d60 eb 49 45 2 47 4315 430755
63e84e3cf268c03296055d60 zol -0.81 0.51 2 NA 7088 479188
63e84e3cf268c03296055d60 zol -0.86 -0.54 2 NA 12461 491654
63e84e3cf268c03296055d60 zol -1.48 0.38 2 NA 14432 506090
63e84e3cf268c03296055d60 zol -1.27 -0.03 2 NA 8329 514423
63e84e3cf268c03296055d60 zol -0.93 -0.67 2 NA 21449 535877
63e84e3cf268c03296055d60 zol -1.21 -0.69 2 NA 11188 547070
63e84e3cf268c03296055d60 zol -1.17 -0.73 2 NA 20704 567778
63e84e3cf268c03296055d60 zol -0.86 -0.54 2 NA 9453 577238
63e84e3cf268c03296055d60 zol -1.27 -0.43 2 NA 7617 584858
63e84e3cf268c03296055d60 zol -1.14 0.54 2 NA 6662 591524
63e84e3cf268c03296055d60 zol -1.46 -0.14 2 NA 7308 598836
63e84e3cf268c03296055d60 zol -1.15 0.35 2 NA 12572 611412
63e84e3cf268c03296055d60 zol -0.91 0.51 2 NA 5079 616495
63e84e3cf268c03296055d60 zol -1.24 -0.16 2 NA 5924 622423
63e84e3cf268c03296055d60 zol -1.19 0.59 2 NA 3261 625689
63e84e3cf268c03296055d60 br 25 -50 2 300 14206 669587
63e84e3cf268c03296055d60 br 18 -24 2 300 5005 674590
63e84e3cf268c03296055d60 br 24 -1 2 300 3872 678463
63e84e3cf268c03296055d60 br 27 7 2 300 4636 683098
63e84e3cf268c03296055d60 br 29 -28 2 300 5692 688790
63e84e3cf268c03296055d60 br 25 -3 2 300 2103 690894
63e84e3cf268c03296055d60 br 24 -50 2 300 8279 699174
63e84e3cf268c03296055d60 br 27 44 2 300 7273 706448
63e84e3cf268c03296055d60 br 24 -6 2 300 1529 707981
63e84e3cf268c03296055d60 br 24 49 2 300 7865 715855
63e84e3cf268c03296055d60 br 22 -12 2 300 2255 718111
63e84e3cf268c03296055d60 br 22 -21 2 300 4615 722727
63e84e3cf268c03296055d60 br 26 50 2 300 7700 730436
63e84e3cf268c03296055d60 br 24 -25 2 300 4865 735302
63e84e3cf268c03296055d60 br 23 38 2 300 9572 744876
63e84e3cf268c03296055d60 pog 378.5 382.5 2 292.5 3348 800320
63e84e3cf268c03296055d60 pog 404.5 365.5 2 340.5 8564 808885
63e84e3cf268c03296055d60 pog 381.5 255.5 2 317.5 17422 826307
63e84e3cf268c03296055d60 pog 385.5 250.5 2 337.5 13411 839722
63e84e3cf268c03296055d60 pog 380.5 350.5 2 311.5 4163 843888
63e84e3cf268c03296055d60 pog 370.5 315.5 2 300.5 11899 855789
63e84e3cf268c03296055d60 pog 399.5 279.5 2 348.5 12201 867993
63e84e3cf268c03296055d60 pog 393.5 393.5 2 311.5 1840 869834
63e84e3cf268c03296055d60 pog 379.5 370.5 2 312.5 4044 873885
63e84e3cf268c03296055d60 pog 404.5 357.5 2 347.5 6485 880372
63e84e3cf268c03296055d60 pog 365.5 340.5 2 287.5 5995 886368
63e84e3cf268c03296055d60 pog 363.5 344.5 2 308.5 3104 889474
63e84e3cf268c03296055d60 pog 412.5 371.5 2 352.5 5906 895382
63e84e3cf268c03296055d60 pog 371.5 290.5 2 299.5 9029 904412
63e84e3cf268c03296055d60 pog 380.5 263.5 2 320.5 11148 915563
63e84e3cf268c03296055d60 pog 151 161 1 146 2774 939545
63e84e3cf268c03296055d60 pog 138 203 1 122 8721 948278
63e84e3cf268c03296055d60 pog 166 139 1 162 9990 958270
63e84e3cf268c03296055d60 pog 186 125 1 176 7519 965793
63e84e3cf268c03296055d60 pog 192 216 1 177 5114 970909
63e84e3cf268c03296055d60 pog 190 158 1 175 6380 977291
63e84e3cf268c03296055d60 pog 170 215 1 153 7763 985056
63e84e3cf268c03296055d60 pog 148 157 1 128 3148 988207
63e84e3cf268c03296055d60 pog 177 202 1 159 4460 992669
63e84e3cf268c03296055d60 pog 179 130 1 146 6884 999554
63e84e3cf268c03296055d60 pog 219 166 1 191 10841 1010397
63e84e3cf268c03296055d60 pog 176 223 1 154 6992 1017393
63e84e3cf268c03296055d60 pog 174 174 1 162 18761 1036158
63e84e3cf268c03296055d60 pog 179 171 1 168 2036 1038195
63e84e3cf268c03296055d60 pog 161 103 1 146 7638 1045850
63e84e3cf268c03296055d60 br -24 -26 1 300 2132 1057504
63e84e3cf268c03296055d60 br -14 41 1 300 7279 1064793
63e84e3cf268c03296055d60 br -16 -35 1 300 3258 1068054
63e84e3cf268c03296055d60 br -26 46 1 300 7680 1075738
63e84e3cf268c03296055d60 br -17 0 1 300 3261 1078999
63e84e3cf268c03296055d60 br -22 9 1 300 3869 1082870
63e84e3cf268c03296055d60 br -27 45 1 300 9287 1092160
63e84e3cf268c03296055d60 br -33 -30 1 300 6750 1098912
63e84e3cf268c03296055d60 br -25 -6 1 300 3621 1102534
63e84e3cf268c03296055d60 br -32 -45 1 300 3317 1105852
63e84e3cf268c03296055d60 br -29 -25 1 300 2357 1108212
63e84e3cf268c03296055d60 br -29 50 1 300 9927 1118143
63e84e3cf268c03296055d60 br -21 -6 1 300 10182 1128328
63e84e3cf268c03296055d60 br -11 50 1 300 8930 1137260
63e84e3cf268c03296055d60 br -29 -11 1 300 2805 1140068
63e84e3cf268c03296055d60 eb 52 26 1 41 5232 1154174
63e84e3cf268c03296055d60 eb 37 36 1 29 2723 1156900
63e84e3cf268c03296055d60 eb 36 32 1 30 3316 1160219
63e84e3cf268c03296055d60 eb 66 49 1 54 5215 1165436
63e84e3cf268c03296055d60 eb 56 51 1 48 2233 1167672
63e84e3cf268c03296055d60 eb 56 25 1 47 7109 1174783
63e84e3cf268c03296055d60 eb 37 37 1 30 1966 1176752
63e84e3cf268c03296055d60 eb 60 49 1 53 3166 1179920
63e84e3cf268c03296055d60 eb 59 51 1 51 2067 1181990
63e84e3cf268c03296055d60 eb 40 39 1 34 1848 1183850
63e84e3cf268c03296055d60 eb 33 48 1 25 12323 1196176
63e84e3cf268c03296055d60 eb 44 51 1 40 6166 1202357
63e84e3cf268c03296055d60 eb 34 47 1 30 7187 1209548
63e84e3cf268c03296055d60 eb 61 35 1 50 4517 1214067
63e84e3cf268c03296055d60 eb 51 32 1 36 3981 1218051
63e84e3cf268c03296055d60 zol 1.05 -0.45 1 NA 2405 1236325
63e84e3cf268c03296055d60 zol 1.37 -0.57 1 NA 3008 1239337
63e84e3cf268c03296055d60 zol 1.18 -0.18 1 NA 4370 1243717
63e84e3cf268c03296055d60 zol 0.99 -0.09 1 NA 2972 1246693
63e84e3cf268c03296055d60 zol 0.68 0.12 1 NA 2712 1249411
63e84e3cf268c03296055d60 zol 0.94 -0.14 1 NA 2598 1252015
63e84e3cf268c03296055d60 zol 1 -0.6 1 NA 3799 1255817
63e84e3cf268c03296055d60 zol 1.16 -0.46 1 NA 4819 1260641
63e84e3cf268c03296055d60 zol 1.1 -0.7 1 NA 3162 1263807
63e84e3cf268c03296055d60 zol 0.85 -0.05 1 NA 2608 1266422
63e84e3cf268c03296055d60 zol 1.02 -0.52 1 NA 2825 1269251
63e84e3cf268c03296055d60 zol 0.89 -0.49 1 NA 2356 1271611
63e84e3cf268c03296055d60 zol 0.47 0.53 1 NA 2702 1274318
63e84e3cf268c03296055d60 zol 0.85 -0.25 1 NA 3081 1277402
63e84e3cf268c03296055d60 zol 0.75 0.25 1 NA 6938 1284344
63e84e3cf268c03296055d60 pz 46 28 1 44 4398 1299402
63e84e3cf268c03296055d60 pz 64 48 1 58 4411 1303816
63e84e3cf268c03296055d60 pz 30 35 1 23 5535 1309353
63e84e3cf268c03296055d60 pz 56 57 1 49 2025 1311386
63e84e3cf268c03296055d60 pz 50 33 1 44 5359 1316748
63e84e3cf268c03296055d60 pz 54 54 1 49 4322 1321073
63e84e3cf268c03296055d60 pz 42 42 1 41 1376 1322460
63e84e3cf268c03296055d60 pz 22 22 1 20 2922 1325385
63e84e3cf268c03296055d60 pz 31 53 1 26 7838 1333225
63e84e3cf268c03296055d60 pz 41 42 1 37 1931 1335160
63e84e3cf268c03296055d60 pz 26 52 1 22 8101 1343266
63e84e3cf268c03296055d60 pz 34 29 1 33 2381 1345649
63e84e3cf268c03296055d60 pz 28 30 1 23 2601 1348253
63e84e3cf268c03296055d60 pz 69 33 1 59 5735 1353991
63e84e3cf268c03296055d60 pz 33 43 1 29 3381 1357375
63ef9843b07ad9b01c938c51 eb 27 42 1 27 29217 329583
63ef9843b07ad9b01c938c51 eb 41 46 1 41 17708 347296
63ef9843b07ad9b01c938c51 eb 37 51 1 36 25499 372799
63ef9843b07ad9b01c938c51 eb 30 28 1 30 14887 387688
63ef9843b07ad9b01c938c51 eb 35 38 1 35 13372 401064
63ef9843b07ad9b01c938c51 eb 35 24 1 36 14596 415662
63ef9843b07ad9b01c938c51 eb 37 40 1 36 19911 435575
63ef9843b07ad9b01c938c51 eb 34 25 1 33 11580 447159
63ef9843b07ad9b01c938c51 eb 25 30 1 25 11754 458919
63ef9843b07ad9b01c938c51 eb 46 39 1 44 15608 474534
63ef9843b07ad9b01c938c51 eb 44 47 1 43 13590 488126
63ef9843b07ad9b01c938c51 eb 27 43 1 27 11480 499607
63ef9843b07ad9b01c938c51 eb 28 51 1 27 11675 511285
63ef9843b07ad9b01c938c51 eb 39 44 1 36 20680 531967
63ef9843b07ad9b01c938c51 eb 36 32 1 34 27669 559639
63ef9843b07ad9b01c938c51 pz 41 51 2 58 18693 705959
63ef9843b07ad9b01c938c51 pz 35 48 2 51 11593 717557
63ef9843b07ad9b01c938c51 pz 24 24 2 38 6351 723910
63ef9843b07ad9b01c938c51 pz 37 37 2 54 23096 747007
63ef9843b07ad9b01c938c51 pz 35 37 2 57 10733 757743
63ef9843b07ad9b01c938c51 pz 41 59 2 55 14059 771807
63ef9843b07ad9b01c938c51 pz 34 28 2 53 15755 787567
63ef9843b07ad9b01c938c51 pz 22 55 2 30 18973 806543
63ef9843b07ad9b01c938c51 pz 28 25 2 39 11172 817719
63ef9843b07ad9b01c938c51 pz 33 43 2 53 8861 826583
63ef9843b07ad9b01c938c51 pz 39 48 2 58 70420 897006
63ef9843b07ad9b01c938c51 pz 22 58 2 28 14500 911510
63ef9843b07ad9b01c938c51 pz 37 37 2 54 15084 926599
63ef9843b07ad9b01c938c51 pz 14 60 2 20 12309 938911
63ef9843b07ad9b01c938c51 pz 30 33 2 38 11780 950695
63ef9843b07ad9b01c938c51 pog 135 227 1 122 64072 1119574
63ef9843b07ad9b01c938c51 pog 181 172 1 170 13014 1132590
63ef9843b07ad9b01c938c51 pog 137 106 1 133 16397 1148989
63ef9843b07ad9b01c938c51 pog 138 207 1 128 29480 1178470
63ef9843b07ad9b01c938c51 pog 201 115 1 196 12150 1190622
63ef9843b07ad9b01c938c51 pog 150 186 1 140 26447 1217071
63ef9843b07ad9b01c938c51 pog 184 94 1 181 16108 1233180
63ef9843b07ad9b01c938c51 pog 139 85 1 133 9985 1243166
63ef9843b07ad9b01c938c51 pog 188 198 1 180 14926 1258095
63ef9843b07ad9b01c938c51 pog 158 152 1 148 23332 1281430
63ef9843b07ad9b01c938c51 pog 178 223 1 169 11622 1293054
63ef9843b07ad9b01c938c51 pog 193 151 1 184 11941 1304996
63ef9843b07ad9b01c938c51 pog 139 144 1 121 9633 1314630
63ef9843b07ad9b01c938c51 pog 178 233 1 165 22301 1336934
63ef9843b07ad9b01c938c51 pog 167 170 1 161 10734 1347670
63ef9843b07ad9b01c938c51 br -28 7 1 300 17671 1439439
63ef9843b07ad9b01c938c51 br -25 -3 1 300 12484 1451926
63ef9843b07ad9b01c938c51 br -26 -33 1 300 12814 1464742
63ef9843b07ad9b01c938c51 br -24 -36 1 300 17462 1482206
63ef9843b07ad9b01c938c51 br -26 42 1 300 14342 1496550
63ef9843b07ad9b01c938c51 br -27 -34 1 300 9044 1505596
63ef9843b07ad9b01c938c51 br -26 -33 1 300 11376 1516973
63ef9843b07ad9b01c938c51 br -27 -50 1 300 20790 1537765
63ef9843b07ad9b01c938c51 br -23 32 1 300 18591 1556358
63ef9843b07ad9b01c938c51 br -25 40 1 300 19622 1575981
63ef9843b07ad9b01c938c51 br -25 -5 1 300 17606 1593589
63ef9843b07ad9b01c938c51 br -26 -11 1 300 16653 1610244
63ef9843b07ad9b01c938c51 br -24 35 1 300 14023 1624269
63ef9843b07ad9b01c938c51 br -30 -5 1 300 61100 1685372
63ef9843b07ad9b01c938c51 br -25 -14 1 300 9688 1695062
63ef9843b07ad9b01c938c51 zol 1.5 -0.3 1 NA 89049 1979830
63ef9843b07ad9b01c938c51 zol 1.8 0.2 1 NA 136635 2116469
63ef9843b07ad9b01c938c51 zol 1.11 -0.31 1 NA 50321 2166795
63ef9843b07ad9b01c938c51 zol 1.69 0.11 1 NA 63840 2230637
63ef9843b07ad9b01c938c51 zol 1.46 0.54 1 NA 102243 2332885
63ef9843b07ad9b01c938c51 zol 1.66 -0.06 1 NA 50459 2383349
63ef9843b07ad9b01c938c51 zol 1.93 0.57 1 NA 36995 2420348
63ef9843b07ad9b01c938c51 zol 1.58 -0.68 1 NA 27028 2447380
63ef9843b07ad9b01c938c51 zol 1.63 -0.53 1 NA 30988 2478372
63ef9843b07ad9b01c938c51 zol 1.35 -0.25 1 NA 112307 2590684
63ef9843b07ad9b01c938c51 zol 1.83 -0.53 1 NA 54804 2645492
63ef9843b07ad9b01c938c51 zol 1.35 0.05 1 NA 136249 2781746
63ef9843b07ad9b01c938c51 zol 1.65 -0.05 1 NA 64127 2845876
63ef9843b07ad9b01c938c51 zol 1.53 0.57 1 NA 39353 2885235
63ef9843b07ad9b01c938c51 zol 1.81 -0.31 1 NA 21468 2906708
63ef9843b07ad9b01c938c51 pog 418.5 343.5 2 327.5 14564 3027211
63ef9843b07ad9b01c938c51 pog 425.5 314.5 2 350.5 9262 3036477
63ef9843b07ad9b01c938c51 pog 391.5 288.5 2 283.5 31947 3068427
63ef9843b07ad9b01c938c51 pog 410.5 383.5 2 306.5 18532 3086963
63ef9843b07ad9b01c938c51 pog 424.5 306.5 2 347.5 10031 3096996
63ef9843b07ad9b01c938c51 pog 445.5 312.5 2 342.5 17823 3114820
63ef9843b07ad9b01c938c51 pog 444.5 264.5 2 348.5 17564 3132386
63ef9843b07ad9b01c938c51 pog 430.5 387.5 2 341.5 11120 3143507
63ef9843b07ad9b01c938c51 pog 397.5 356.5 2 308.5 10550 3154059
63ef9843b07ad9b01c938c51 pog 427.5 361.5 2 333.5 12862 3166923
63ef9843b07ad9b01c938c51 pog 445.5 262.5 2 354.5 20189 3187115
63ef9843b07ad9b01c938c51 pog 392.5 285.5 2 287.5 23247 3210363
63ef9843b07ad9b01c938c51 pog 429.5 375.5 2 326.5 20172 3230537
63ef9843b07ad9b01c938c51 pog 439.5 245.5 2 335.5 28969 3259508
63ef9843b07ad9b01c938c51 pog 464.5 384.5 2 354.5 25541 3285051
63ef9843b07ad9b01c938c51 br 25 -12 2 300 8957 3315491
63ef9843b07ad9b01c938c51 br 27 4 2 300 6262 3321755
63ef9843b07ad9b01c938c51 br 24 2 2 300 8062 3329819
63ef9843b07ad9b01c938c51 br 25 4 2 300 11358 3341179
63ef9843b07ad9b01c938c51 br 23 -18 2 300 7998 3349180
63ef9843b07ad9b01c938c51 br 25 11 2 300 6924 3356106
63ef9843b07ad9b01c938c51 br 23 -14 2 300 6361 3362467
63ef9843b07ad9b01c938c51 br 21 -4 2 300 9029 3371499
63ef9843b07ad9b01c938c51 br 22 50 2 300 8958 3380459
63ef9843b07ad9b01c938c51 br 20 -31 2 300 10415 3390875
63ef9843b07ad9b01c938c51 br 21 -4 2 300 11773 3402651
63ef9843b07ad9b01c938c51 br 22 44 2 300 17687 3420340
63ef9843b07ad9b01c938c51 br 22 23 2 300 11581 3431922
63ef9843b07ad9b01c938c51 br 16 -29 2 300 7366 3439291
63ef9843b07ad9b01c938c51 br 20 18 2 300 6046 3445339
63ef9843b07ad9b01c938c51 eb 57 26 2 50 18893 3507562
63ef9843b07ad9b01c938c51 eb 26 41 2 26 11141 3518706
63ef9843b07ad9b01c938c51 eb 48 50 2 43 13260 3531969
63ef9843b07ad9b01c938c51 eb 56 48 2 51 10375 3542345
63ef9843b07ad9b01c938c51 eb 37 33 2 34 5055 3547401
63ef9843b07ad9b01c938c51 eb 26 35 2 26 11968 3559369
63ef9843b07ad9b01c938c51 eb 47 27 2 43 11093 3570465
63ef9843b07ad9b01c938c51 eb 54 32 2 50 12029 3582496
63ef9843b07ad9b01c938c51 eb 34 26 2 31 13575 3596073
63ef9843b07ad9b01c938c51 eb 38 42 2 36 8416 3604490
63ef9843b07ad9b01c938c51 eb 57 25 2 52 10572 3615066
63ef9843b07ad9b01c938c51 eb 24 32 2 24 5276 3620345
63ef9843b07ad9b01c938c51 eb 52 27 2 46 14767 3635114
63ef9843b07ad9b01c938c51 eb 59 51 2 54 5598 3640715
63ef9843b07ad9b01c938c51 eb 46 39 2 43 9326 3650043
63ef9843b07ad9b01c938c51 pz 77 43 1 40 7388 3680689
63ef9843b07ad9b01c938c51 pz 34 21 1 20 12528 3693218
63ef9843b07ad9b01c938c51 pz 77 24 1 42 17748 3710969
63ef9843b07ad9b01c938c51 pz 67 26 1 47 12679 3723649
63ef9843b07ad9b01c938c51 pz 60 32 1 31 8437 3732089
63ef9843b07ad9b01c938c51 pz 47 20 1 24 5697 3737787
63ef9843b07ad9b01c938c51 pz 52 39 1 32 10013 3747802
63ef9843b07ad9b01c938c51 pz 96 32 1 60 15100 3762905
63ef9843b07ad9b01c938c51 pz 46 38 1 29 7537 3770443
63ef9843b07ad9b01c938c51 pz 71 27 1 42 7403 3777851
63ef9843b07ad9b01c938c51 pz 65 55 1 33 8622 3786475
63ef9843b07ad9b01c938c51 pz 72 23 1 47 11941 3798418
63ef9843b07ad9b01c938c51 pz 82 53 1 50 12566 3810986
63ef9843b07ad9b01c938c51 pz 66 31 1 41 6341 3817330
63ef9843b07ad9b01c938c51 pz 53 24 1 28 5942 3823274
63ef9843b07ad9b01c938c51 zol -1.8 -0.7 2 NA 25763 3887795
63ef9843b07ad9b01c938c51 zol 0.24 -0.24 2 NA 258 3888057
63ef9843b07ad9b01c938c51 zol -0.03 0.03 2 NA 170 3888233
63ef9843b07ad9b01c938c51 zol -1.92 0.52 2 NA 59549 3947787
63ef9843b07ad9b01c938c51 zol -2.1 -0.3 2 NA 17315 3965107
63ef9843b07ad9b01c938c51 zol -1.67 -0.53 2 NA 45595 4010705
63ef9843b07ad9b01c938c51 zol -1.73 -0.47 2 NA 29492 4040202
63ef9843b07ad9b01c938c51 zol -1.56 0.16 2 NA 72995 4113201
63ef9843b07ad9b01c938c51 zol -1.69 -0.11 2 NA 40044 4153250
63ef9843b07ad9b01c938c51 zol -1.55 0.55 2 NA 33525 4186779
63ef9843b07ad9b01c938c51 zol -1.11 -0.49 2 NA 17906 4204689
63ef9843b07ad9b01c938c51 zol -1.44 -0.66 2 NA 33621 4238314
63ef9843b07ad9b01c938c51 zol -1.81 0.21 2 NA 12804 4251121
63ef9843b07ad9b01c938c51 zol -2.06 -0.74 2 NA 24874 4276002
63ef9843b07ad9b01c938c51 zol -1.56 0.36 2 NA 20499 4296505
6413672a835333b90d961eaa pog 157 229 1 123 11186 134935
6413672a835333b90d961eaa pog 207 95 1 181 6182 141120
6413672a835333b90d961eaa pog 146 119 1 123 3465 144590
6413672a835333b90d961eaa pog 180 109 1 159 4441 149034
6413672a835333b90d961eaa pog 201 148 1 175 3375 152411
6413672a835333b90d961eaa pog 170 100 1 149 4969 157385
6413672a835333b90d961eaa pog 191 124 1 165 4808 162196
6413672a835333b90d961eaa pog 149 153 1 122 2356 164554
6413672a835333b90d961eaa pog 201 173 1 185 4080 168636
6413672a835333b90d961eaa pog 203 134 1 194 4409 173048
6413672a835333b90d961eaa pog 144 186 1 120 5593 178643
6413672a835333b90d961eaa pog 174 123 1 159 3642 182287
6413672a835333b90d961eaa pog 203 178 1 182 2334 184626
6413672a835333b90d961eaa pog 216 217 1 196 2251 186880
6413672a835333b90d961eaa pog 207 117 1 194 4621 191505
6413672a835333b90d961eaa br 18 28 2 300 3685 220310
6413672a835333b90d961eaa br 27 37 2 300 3849 224162
6413672a835333b90d961eaa br 24 -39 2 300 3383 227550
6413672a835333b90d961eaa br 19 -24 2 300 1501 229053
6413672a835333b90d961eaa br 14 -32 2 300 1791 230847
6413672a835333b90d961eaa br 20 31 2 300 2759 233609
6413672a835333b90d961eaa br 13 -32 2 300 1638 235251
6413672a835333b90d961eaa br 24 32 2 300 2688 237941
6413672a835333b90d961eaa br 27 34 2 300 2662 240605
6413672a835333b90d961eaa br 17 50 2 300 3170 243777
6413672a835333b90d961eaa br 9 16 2 300 3392 247172
6413672a835333b90d961eaa br 22 -8 2 300 1011 248185
6413672a835333b90d961eaa br 18 -3 2 300 1531 249718
6413672a835333b90d961eaa br 21 23 2 300 2394 252114
6413672a835333b90d961eaa br 19 24 2 300 3629 255745
6413672a835333b90d961eaa zol -0.82 -0.38 2 NA 2102 289327
6413672a835333b90d961eaa zol -0.32 -0.38 2 NA 3135 292469
6413672a835333b90d961eaa zol -0.95 0.75 2 NA 3920 296394
6413672a835333b90d961eaa zol -0.56 -0.74 2 NA 7304 303703
6413672a835333b90d961eaa zol -0.89 0.49 2 NA 3568 307278
6413672a835333b90d961eaa zol -0.85 0.15 2 NA 3331 310616
6413672a835333b90d961eaa zol -0.73 0.03 2 NA 1803 312423
6413672a835333b90d961eaa zol -0.61 -0.49 2 NA 2623 315054
6413672a835333b90d961eaa zol -0.44 0.64 2 NA 3835 318897
6413672a835333b90d961eaa zol -0.55 -0.25 2 NA 2680 321581
6413672a835333b90d961eaa zol -0.94 -0.46 2 NA 2686 324274
6413672a835333b90d961eaa zol -0.61 0.71 2 NA 4962 329243
6413672a835333b90d961eaa zol -0.65 0.45 2 NA 3040 332291
6413672a835333b90d961eaa zol -0.76 -0.64 2 NA 5585 337901
6413672a835333b90d961eaa zol -0.5 -0.2 2 NA 2836 340745
6413672a835333b90d961eaa eb 54 25 2 47 3499 374369
6413672a835333b90d961eaa eb 26 31 2 24 3401 377774
6413672a835333b90d961eaa eb 53 50 2 44 1957 379736
6413672a835333b90d961eaa eb 52 26 2 47 3967 383710
6413672a835333b90d961eaa eb 39 38 2 32 1687 385395
6413672a835333b90d961eaa eb 29 54 2 28 5482 390882
6413672a835333b90d961eaa eb 30 28 2 26 2353 393239
6413672a835333b90d961eaa eb 37 46 2 34 3591 396836
6413672a835333b90d961eaa eb 40 32 2 39 3149 399990
6413672a835333b90d961eaa eb 54 38 2 50 2567 402560
6413672a835333b90d961eaa eb 52 37 2 42 2053 404617
6413672a835333b90d961eaa eb 27 31 2 26 3253 407873
6413672a835333b90d961eaa eb 58 34 2 53 2971 410870
6413672a835333b90d961eaa eb 30 44 2 25 2714 413588
6413672a835333b90d961eaa eb 54 25 2 50 2610 416204
6413672a835333b90d961eaa pz 23 44 2 44 2675 444830
6413672a835333b90d961eaa pz 27 35 2 50 1945 446788
6413672a835333b90d961eaa pz 21 51 2 27 4198 450988
6413672a835333b90d961eaa pz 31 22 2 59 2727 453718
6413672a835333b90d961eaa pz 22 34 2 35 3183 456903
6413672a835333b90d961eaa pz 17 30 2 21 2190 459095
6413672a835333b90d961eaa pz 17 53 2 23 4839 463938
6413672a835333b90d961eaa pz 29 56 2 43 3064 467007
6413672a835333b90d961eaa pz 25 40 2 45 2064 469074
6413672a835333b90d961eaa pz 16 38 2 25 2182 471259
6413672a835333b90d961eaa pz 19 31 2 37 3015 474277
6413672a835333b90d961eaa pz 27 53 2 55 3301 477583
6413672a835333b90d961eaa pz 20 39 2 44 2074 479660
6413672a835333b90d961eaa pz 28 27 2 41 666 480331
6413672a835333b90d961eaa pz 26 45 2 41 2356 482691
6413672a835333b90d961eaa eb 45 43 1 37 3825 494841
6413672a835333b90d961eaa eb 34 27 1 26 1956 496800
6413672a835333b90d961eaa eb 35 42 1 32 2076 498879
6413672a835333b90d961eaa eb 36 25 1 28 2486 501370
6413672a835333b90d961eaa eb 50 37 1 42 2247 503623
6413672a835333b90d961eaa eb 59 44 1 54 2166 505792
6413672a835333b90d961eaa eb 59 40 1 49 3509 509306
6413672a835333b90d961eaa eb 27 28 1 25 2045 511356
6413672a835333b90d961eaa eb 46 52 1 41 2520 513879
6413672a835333b90d961eaa eb 36 39 1 28 2364 516257
6413672a835333b90d961eaa eb 60 25 1 54 3107 519371
6413672a835333b90d961eaa eb 41 53 1 28 2122 521512
6413672a835333b90d961eaa eb 38 39 1 27 1150 522665
6413672a835333b90d961eaa eb 58 33 1 54 3014 525683
6413672a835333b90d961eaa eb 54 35 1 42 2332 528021
6413672a835333b90d961eaa br -24 46 1 300 5248 536319
6413672a835333b90d961eaa br -14 45 1 300 3259 539581
6413672a835333b90d961eaa br -19 -48 1 300 3480 543064
6413672a835333b90d961eaa br -20 -3 1 300 3082 546149
6413672a835333b90d961eaa br -10 31 1 300 4216 550368
6413672a835333b90d961eaa br -19 -7 1 300 1841 552211
6413672a835333b90d961eaa br -26 -38 1 300 2872 555088
6413672a835333b90d961eaa br -20 -7 1 300 3345 558435
6413672a835333b90d961eaa br -19 40 1 300 4433 562870
6413672a835333b90d961eaa br -15 16 1 300 3107 565978
6413672a835333b90d961eaa br -20 -19 1 300 924 566905
6413672a835333b90d961eaa br -21 -32 1 300 3439 570347
6413672a835333b90d961eaa br -20 -2 1 300 2096 572446
6413672a835333b90d961eaa br -23 -5 1 300 3070 575519
6413672a835333b90d961eaa br -14 -2 1 300 1926 577448
6413672a835333b90d961eaa pz 88 54 1 52 2722 586215
6413672a835333b90d961eaa pz 31 54 1 20 3290 589510
6413672a835333b90d961eaa pz 47 47 1 26 1367 590883
6413672a835333b90d961eaa pz 71 27 1 51 2954 593840
6413672a835333b90d961eaa pz 73 29 1 45 2650 596496
6413672a835333b90d961eaa pz 71 53 1 34 2118 598617
6413672a835333b90d961eaa pz 115 33 1 57 5168 603788
6413672a835333b90d961eaa pz 124 22 1 55 4987 608778
6413672a835333b90d961eaa pz 135 52 1 52 3724 612507
6413672a835333b90d961eaa pz 125 24 1 50 4319 616832
6413672a835333b90d961eaa pz 142 53 1 52 4923 621757
6413672a835333b90d961eaa pz 86 53 1 37 2225 623986
6413672a835333b90d961eaa pz 114 51 1 54 3766 627756
6413672a835333b90d961eaa pz 112 47 1 43 3078 630836
6413672a835333b90d961eaa pz 94 60 1 41 2442 633281
6413672a835333b90d961eaa zol 0.43 0.47 1 NA 2157 642235
6413672a835333b90d961eaa zol 0.43 0.57 1 NA 1832 644090
6413672a835333b90d961eaa zol 0.57 0.33 1 NA 1814 645910
6413672a835333b90d961eaa zol 0.96 0.34 1 NA 2435 648349
6413672a835333b90d961eaa zol 0.99 0.31 1 NA 1798 650151
6413672a835333b90d961eaa zol 0.54 -0.54 1 NA 3596 653752
6413672a835333b90d961eaa zol 0.62 0.08 1 NA 2998 656755
6413672a835333b90d961eaa zol 0.97 -0.67 1 NA 1469 658232
6413672a835333b90d961eaa zol 0.87 0.13 1 NA 2988 661226
6413672a835333b90d961eaa zol 0.89 0.31 1 NA 2807 664038
6413672a835333b90d961eaa zol 0.81 -0.01 1 NA 1892 665935
6413672a835333b90d961eaa zol 0.92 -0.42 1 NA 2772 668712
6413672a835333b90d961eaa zol 0.86 0.54 1 NA 3352 672077
6413672a835333b90d961eaa zol 0.96 -0.36 1 NA 2923 675008
6413672a835333b90d961eaa zol 0.86 0.14 1 NA 1719 676734
6413672a835333b90d961eaa pog 442.5 371.5 2 349.5 3730 713574
6413672a835333b90d961eaa pog 416.5 361.5 2 325.5 3249 716825
6413672a835333b90d961eaa pog 406.5 357.5 2 314.5 3104 719935
6413672a835333b90d961eaa pog 412.5 254.5 2 325.5 7002 726939
6413672a835333b90d961eaa pog 417.5 350.5 2 332.5 4680 731622
6413672a835333b90d961eaa pog 386.5 299.5 2 294.5 4390 736014
6413672a835333b90d961eaa pog 434.5 388.5 2 332.5 2804 738820
6413672a835333b90d961eaa pog 394.5 384.5 2 297.5 3291 742114
6413672a835333b90d961eaa pog 380.5 297.5 2 284.5 4557 746672
6413672a835333b90d961eaa pog 438.5 340.5 2 347.5 4613 751287
6413672a835333b90d961eaa pog 380.5 297.5 2 282.5 4187 755476
6413672a835333b90d961eaa pog 401.5 287.5 2 310.5 5154 760652
6413672a835333b90d961eaa pog 425.5 296.5 2 330.5 5550 766208
6413672a835333b90d961eaa pog 430.5 295.5 2 332.5 5798 772009
6413672a835333b90d961eaa pog 386.5 349.5 2 293.5 3257 775269
