pid task resp start version parA rt time_elapsed
5f79809ea692be01b666c74a zol 0.48 -0.58 1 NA null 136641
5f79809ea692be01b666c74a zol 0.39 -0.39 1 NA 130 136774
5f79809ea692be01b666c74a zol 0.47 -0.57 1 NA 7306 144083
5f79809ea692be01b666c74a zol 0.14 0.06 1 NA 6042 150128
5f79809ea692be01b666c74a zol 0.2 -0.4 1 NA 5212 155345
5f79809ea692be01b666c74a zol 0.14 -0.44 1 NA 7435 162783
5f79809ea692be01b666c74a zol 0.11 0.39 1 NA 5306 168091
5f79809ea692be01b666c74a zol 1.06 0.44 1 NA null 176094
5f79809ea692be01b666c74a zol 0.29 -0.59 1 NA 6356 182452
5f79809ea692be01b666c74a zol -0.17 0.57 1 NA 3223 185678
5f79809ea692be01b666c74a zol -0.21 0.61 1 NA 5267 190949
5f79809ea692be01b666c74a zol 0.34 0.16 1 NA 5783 196736
5f79809ea692be01b666c74a zol -0.05 0.45 1 NA 5753 202491
5f79809ea692be01b666c74a zol 0.26 0.24 1 NA 4723 207217
5f79809ea692be01b666c74a zol 0.22 -0.42 1 NA null 215220
5f79809ea692be01b666c74a br 26 43 2 262 5078 245247
5f79809ea692be01b666c74a br 18 -3 2 270 5650 250899
5f79809ea692be01b666c74a br 23 41 2 268 7265 258166
5f79809ea692be01b666c74a br 20 -43 2 295 7186 265354
5f79809ea692be01b666c74a br 20 3 2 229 4060 269416
5f79809ea692be01b666c74a br 12 -22 2 243 5932 275350
5f79809ea692be01b666c74a br 15 -3 2 224 4448 279801
5f79809ea692be01b666c74a br 21 13 2 269 4903 284705
5f79809ea692be01b666c74a br 22 22 2 214 3764 288472
5f79809ea692be01b666c74a br 17 -7 2 284 6600 295074
5f79809ea692be01b666c74a br 15 -21 2 268 null 303075
5f79809ea692be01b666c74a br 14 -22 2 265 4483 307560
5f79809ea692be01b666c74a br 15 -3 2 242 5709 313273
5f79809ea692be01b666c74a br 26 29 2 293 5124 318399
5f79809ea692be01b666c74a br 24 37 2 267 7059 325460
5f79809ea692be01b666c74a eb 34 45 1 26 6573 377117
5f79809ea692be01b666c74a eb 30 35 1 24 5443 382563
5f79809ea692be01b666c74a eb 49 44 1 46 null 390566
5f79809ea692be01b666c74a eb 48 48 1 43 1617 392185
5f79809ea692be01b666c74a eb 47 42 1 46 5571 397758
5f79809ea692be01b666c74a eb 40 40 1 35 5082 402842
5f79809ea692be01b666c74a eb 56 40 1 52 5998 408842
5f79809ea692be01b666c74a eb 46 50 1 42 4001 412845
5f79809ea692be01b666c74a eb 43 27 1 41 null 420847
5f79809ea692be01b666c74a eb 39 28 1 32 5667 426517
5f79809ea692be01b666c74a eb 46 43 1 42 3925 430444
5f79809ea692be01b666c74a eb 39 39 1 34 5708 436155
5f79809ea692be01b666c74a eb 27 40 1 24 4919 441077
5f79809ea692be01b666c74a eb 43 52 1 37 5330 446409
5f79809ea692be01b666c74a eb 32 53 1 27 6578 452990
5f79809ea692be01b666c74a pog 153 209 1 129 6700 498728
5f79809ea692be01b666c74a pog 142 138 1 123 7080 505811
5f79809ea692be01b666c74a pog 151 197 1 132 5976 511789
5f79809ea692be01b666c74a pog 178 134 1 163 null 519793
5f79809ea692be01b666c74a pog 181 103 1 163 4053 523847
5f79809ea692be01b666c74a pog 200 118 1 184 5117 528966
5f79809ea692be01b666c74a pog 202 170 1 196 7657 536624
5f79809ea692be01b666c74a pog 166 202 1 135 5621 542247
5f79809ea692be01b666c74a pog 144 110 1 124 null 550250
5f79809ea692be01b666c74a pog 165 185 1 152 5899 556152
5f79809ea692be01b666c74a pog 182 166 1 166 3682 559835
5f79809ea692be01b666c74a pog 203 205 1 181 3382 563219
5f79809ea692be01b666c74a pog 175 205 1 155 5108 568329
5f79809ea692be01b666c74a pog 129 117 1 124 null 576331
5f79809ea692be01b666c74a pog 172 212 1 157 4776 581109
5f79809ea692be01b666c74a pz 18 21 2 21 3615 621289
5f79809ea692be01b666c74a pz 28 28 2 40 2808 624099
5f79809ea692be01b666c74a pz 28 21 2 42 4411 628512
5f79809ea692be01b666c74a pz 15 43 2 20 5016 633531
5f79809ea692be01b666c74a pz 30 20 2 49 5641 639173
5f79809ea692be01b666c74a pz 37 47 2 44 6369 645545
5f79809ea692be01b666c74a pz 42 46 2 51 3599 649147
5f79809ea692be01b666c74a pz 27 30 2 30 4733 653883
5f79809ea692be01b666c74a pz 47 48 2 58 4009 657893
5f79809ea692be01b666c74a pz 39 39 2 48 4689 662584
5f79809ea692be01b666c74a pz 37 53 2 44 5939 668526
5f79809ea692be01b666c74a pz 33 25 2 41 4188 672715
5f79809ea692be01b666c74a pz 25 39 2 27 6254 678971
5f79809ea692be01b666c74a pz 26 39 2 30 5329 684302
5f79809ea692be01b666c74a pz 22 38 2 25 6326 690629
5f79809ea692be01b666c74a eb 39 53 2 28 6019 713935
5f79809ea692be01b666c74a eb 28 38 2 24 4738 718674
5f79809ea692be01b666c74a eb 53 35 2 46 4134 722810
5f79809ea692be01b666c74a eb 26 38 2 24 4089 726901
5f79809ea692be01b666c74a eb 55 32 2 50 6054 732957
5f79809ea692be01b666c74a eb 38 34 2 32 4636 737595
5f79809ea692be01b666c74a eb 39 37 2 36 2870 740469
5f79809ea692be01b666c74a eb 33 32 2 31 2878 743349
5f79809ea692be01b666c74a eb 43 32 2 39 6574 749925
5f79809ea692be01b666c74a eb 42 36 2 38 3379 753306
5f79809ea692be01b666c74a eb 53 38 2 47 5851 759159
5f79809ea692be01b666c74a eb 35 29 2 31 5699 764859
5f79809ea692be01b666c74a eb 42 30 2 38 5848 770709
5f79809ea692be01b666c74a eb 40 46 2 33 3420 774131
5f79809ea692be01b666c74a eb 45 45 2 43 3074 777206
5f79809ea692be01b666c74a pz 31 33 1 20 3746 792473
5f79809ea692be01b666c74a pz 32 51 1 23 7940 800414
5f79809ea692be01b666c74a pz 49 38 1 36 7078 807494
5f79809ea692be01b666c74a pz 63 49 1 50 3864 811362
5f79809ea692be01b666c74a pz 62 57 1 53 3463 814828
5f79809ea692be01b666c74a pz 55 59 1 40 4226 819056
5f79809ea692be01b666c74a pz 28 27 1 24 3360 822418
5f79809ea692be01b666c74a pz 52 37 1 40 4605 827025
5f79809ea692be01b666c74a pz 28 57 1 21 7767 834794
5f79809ea692be01b666c74a pz 59 54 1 50 3548 838344
5f79809ea692be01b666c74a pz 61 33 1 55 4622 842968
5f79809ea692be01b666c74a pz 41 37 1 34 3304 846275
5f79809ea692be01b666c74a pz 65 27 1 58 7505 853781
5f79809ea692be01b666c74a pz 61 46 1 52 5298 859082
5f79809ea692be01b666c74a pz 50 51 1 40 2793 861877
5f79809ea692be01b666c74a zol 0.01 0.19 2 NA 6694 894109
5f79809ea692be01b666c74a zol -0.04 -0.06 2 NA 5206 899317
5f79809ea692be01b666c74a zol 0.21 -0.31 2 NA 6746 906065
5f79809ea692be01b666c74a zol 0.31 -0.61 2 NA null 914068
5f79809ea692be01b666c74a zol 0.02 -0.62 2 NA 4671 918741
5f79809ea692be01b666c74a zol -0.03 0.03 2 NA 4050 922793
5f79809ea692be01b666c74a zol -0.0399999999999999 -0.56 2 NA 6784 929582
5f79809ea692be01b666c74a zol 0.04 0.36 2 NA null 937585
5f79809ea692be01b666c74a zol -0.04 -0.16 2 NA 3406 940992
5f79809ea692be01b666c74a zol -0.43 0.33 2 NA 5006 946001
5f79809ea692be01b666c74a zol 0.01 -0.51 2 NA 7041 953044
5f79809ea692be01b666c74a zol -0.07 0.27 2 NA 6974 960022
5f79809ea692be01b666c74a zol -0.23 0.33 2 NA 6960 966984
5f79809ea692be01b666c74a zol -0.14 0.24 2 NA null 974988
5f79809ea692be01b666c74a zol 0.02 -0.22 2 NA 5541 980532
5f79809ea692be01b666c74a pog 316 384 2 327 5276 1006433
5f79809ea692be01b666c74a pog 346 382 2 363 4540 1010975
5f79809ea692be01b666c74a pog 292 296 2 302 2979 1013955
5f79809ea692be01b666c74a pog 313 375 2 329 5481 1019438
5f79809ea692be01b666c74a pog 343 293 2 366 5036 1024476
5f79809ea692be01b666c74a pog 330 334 2 340 5909 1030387
5f79809ea692be01b666c74a pog 313 283 2 332 3698 1034087
5f79809ea692be01b666c74a pog 333 379 2 348 5483 1039571
5f79809ea692be01b666c74a pog 354 356 2 367 2664 1042237
5f79809ea692be01b666c74a pog 295 293 2 313 5154 1047392
5f79809ea692be01b666c74a pog 351 387 2 366 null 1055395
5f79809ea692be01b666c74a pog 341 385 2 346 4519 1059917
5f79809ea692be01b666c74a pog 322 304 2 336 5772 1065691
5f79809ea692be01b666c74a pog 283 283 2 302 3206 1068898
5f79809ea692be01b666c74a pog 351 293 2 373 5873 1074772
5f79809ea692be01b666c74a br -29 -30 1 268 2673 1085818
5f79809ea692be01b666c74a br -22 31 1 278 7449 1093269
5f79809ea692be01b666c74a br -20 6 1 250 5342 1098613
5f79809ea692be01b666c74a br -17 32 1 257 5153 1103768
5f79809ea692be01b666c74a br -19 9 1 288 4378 1108148
5f79809ea692be01b666c74a br -18 12 1 275 4257 1112406
5f79809ea692be01b666c74a br -17 18 1 238 7341 1119749
5f79809ea692be01b666c74a br -23 -50 1 222 5965 1125715
5f79809ea692be01b666c74a br -22 2 1 263 5839 1131556
5f79809ea692be01b666c74a br -18 48 1 267 7439 1138997
5f79809ea692be01b666c74a br -22 -22 1 251 2032 1141031
5f79809ea692be01b666c74a br -19 42 1 220 null 1149034
5f79809ea692be01b666c74a br -25 -44 1 266 5875 1154912
5f79809ea692be01b666c74a br -28 -33 1 251 5350 1160266
5f79809ea692be01b666c74a br -23 28 1 300 5657 1165925
604227d56f34b50536d0df92 br 23 47 2 205 4628 108855
604227d56f34b50536d0df92 br 24 28 2 259 5152 114021
604227d56f34b50536d0df92 br 27 -49 2 300 6363 120390
604227d56f34b50536d0df92 br 29 -33 2 271 5862 126266
604227d56f34b50536d0df92 br 27 -25 2 262 5997 132280
604227d56f34b50536d0df92 br 26 30 2 267 2786 135073
604227d56f34b50536d0df92 br 23 25 2 247 3166 138252
604227d56f34b50536d0df92 br 28 10 2 285 4864 143132
604227d56f34b50536d0df92 br 24 38 2 251 5179 148319
604227d56f34b50536d0df92 br 29 10 2 278 6467 154798
604227d56f34b50536d0df92 br 27 15 2 253 6175 160982
604227d56f34b50536d0df92 br 24 -37 2 272 7439 168436
604227d56f34b50536d0df92 br 24 46 2 283 4967 173416
604227d56f34b50536d0df92 br 23 -26 2 216 4965 178392
604227d56f34b50536d0df92 br 25 -46 2 222 7349 185748
604227d56f34b50536d0df92 zol 0.82 -0.32 1 NA null 272913
604227d56f34b50536d0df92 zol -0.47 0.47 1 NA 68 273001
604227d56f34b50536d0df92 zol 0.99 0.71 1 NA 3300 276314
604227d56f34b50536d0df92 zol 1.28 0.42 1 NA 3721 280050
604227d56f34b50536d0df92 zol 1.89 -0.49 1 NA 4795 284883
604227d56f34b50536d0df92 zol 1.19 0.11 1 NA 3886 288795
604227d56f34b50536d0df92 zol 0.9 0.7 1 NA 3758 292570
604227d56f34b50536d0df92 zol 1.27 0.33 1 NA 3333 295928
604227d56f34b50536d0df92 zol 1.07 -0.47 1 NA 2325 298269
604227d56f34b50536d0df92 zol 1.32 -0.12 1 NA 3478 301764
604227d56f34b50536d0df92 zol 1.7 -0.6 1 NA 3096 304885
604227d56f34b50536d0df92 zol 1.09 0.11 1 NA 2786 307688
604227d56f34b50536d0df92 zol 1.23 0.57 1 NA 3892 311604
604227d56f34b50536d0df92 zol 1.64 0.46 1 NA 5655 317274
604227d56f34b50536d0df92 zol 1.37 0.03 1 NA 5737 323030
604227d56f34b50536d0df92 eb 28 49 2 25 4596 367679
604227d56f34b50536d0df92 eb 51 34 2 46 6250 373952
604227d56f34b50536d0df92 eb 48 51 2 42 3032 377003
604227d56f34b50536d0df92 eb 56 34 2 51 5571 382593
604227d56f34b50536d0df92 eb 38 51 2 32 5674 388284
604227d56f34b50536d0df92 eb 42 33 2 37 4029 392329
604227d56f34b50536d0df92 eb 51 52 2 46 5231 397578
604227d56f34b50536d0df92 eb 56 53 2 51 4773 402373
604227d56f34b50536d0df92 eb 52 45 2 47 7111 409491
604227d56f34b50536d0df92 eb 47 31 2 41 6756 416261
604227d56f34b50536d0df92 eb 53 45 2 48 7147 423428
604227d56f34b50536d0df92 eb 43 44 2 37 4833 428276
604227d56f34b50536d0df92 eb 48 50 2 42 3631 431924
604227d56f34b50536d0df92 eb 51 32 2 47 null 439937
604227d56f34b50536d0df92 eb 48 48 2 42 158 440102
604227d56f34b50536d0df92 pz 24 60 1 20 5867 487852
604227d56f34b50536d0df92 pz 46 42 1 40 3945 491807
604227d56f34b50536d0df92 pz 30 46 1 25 3946 495772
604227d56f34b50536d0df92 pz 39 32 1 34 4156 499942
604227d56f34b50536d0df92 pz 30 31 1 25 4943 504894
604227d56f34b50536d0df92 pz 60 39 1 49 6886 511787
604227d56f34b50536d0df92 pz 55 38 1 42 5736 517538
604227d56f34b50536d0df92 pz 56 44 1 47 5558 523110
604227d56f34b50536d0df92 pz 29 24 1 25 4204 527321
604227d56f34b50536d0df92 pz 34 52 1 30 null 535329
604227d56f34b50536d0df92 pz 47 34 1 40 6121 541466
604227d56f34b50536d0df92 pz 50 58 1 43 4090 545576
604227d56f34b50536d0df92 pz 62 52 1 53 4335 549926
604227d56f34b50536d0df92 pz 53 42 1 42 4160 554149
604227d56f34b50536d0df92 pz 49 32 1 40 4653 558815
604227d56f34b50536d0df92 pog 177 131 1 158 4641 596095
604227d56f34b50536d0df92 pog 204 170 1 179 3960 600068
604227d56f34b50536d0df92 pog 142 142 1 125 1149 601233
604227d56f34b50536d0df92 pog 181 201 1 151 4146 605383
604227d56f34b50536d0df92 pog 176 176 1 155 957 606347
604227d56f34b50536d0df92 pog 200 132 1 175 7584 613940
604227d56f34b50536d0df92 pog 194 144 1 172 5498 619450
604227d56f34b50536d0df92 pog 198 176 1 172 6106 625563
604227d56f34b50536d0df92 pog 200 182 1 181 5925 631494
604227d56f34b50536d0df92 pog 185 117 1 174 7179 638679
604227d56f34b50536d0df92 pog 135 205 1 125 6108 644796
604227d56f34b50536d0df92 pog 188 144 1 177 4297 649104
604227d56f34b50536d0df92 pog 163 187 1 152 6244 655359
604227d56f34b50536d0df92 pog 170 142 1 149 6177 661541
604227d56f34b50536d0df92 pog 183 119 1 168 7725 669280
604227d56f34b50536d0df92 pz 49 60 2 54 5663 684527
604227d56f34b50536d0df92 pz 24 43 2 29 4388 688922
604227d56f34b50536d0df92 pz 31 24 2 36 3378 692312
604227d56f34b50536d0df92 pz 23 44 2 26 4697 697022
604227d56f34b50536d0df92 pz 21 43 2 25 4715 701744
604227d56f34b50536d0df92 pz 16 41 2 20 5581 707340
604227d56f34b50536d0df92 pz 49 39 2 58 4934 712283
604227d56f34b50536d0df92 pz 47 26 2 56 4542 716839
604227d56f34b50536d0df92 pz 31 41 2 37 5333 722181
604227d56f34b50536d0df92 pz 34 30 2 38 2668 724861
604227d56f34b50536d0df92 pz 31 41 2 38 3928 728799
604227d56f34b50536d0df92 pz 31 43 2 36 3713 732524
604227d56f34b50536d0df92 pz 32 32 2 39 2276 734806
604227d56f34b50536d0df92 pz 19 35 2 23 5857 740670
604227d56f34b50536d0df92 pz 34 37 2 41 5045 745721
604227d56f34b50536d0df92 br -18 -10 1 268 4935 764683
604227d56f34b50536d0df92 br -13 35 1 218 5990 770681
604227d56f34b50536d0df92 br -18 3 1 224 5419 776108
604227d56f34b50536d0df92 br -15 -28 1 283 5066 781188
604227d56f34b50536d0df92 br -17 17 1 250 5581 786779
604227d56f34b50536d0df92 br -16 43 1 291 7470 794256
604227d56f34b50536d0df92 br -11 -16 1 268 5953 800223
604227d56f34b50536d0df92 br -18 15 1 235 7329 807562
604227d56f34b50536d0df92 br -11 -28 1 285 5536 813113
604227d56f34b50536d0df92 br -15 30 1 240 5943 819062
604227d56f34b50536d0df92 br -14 -23 1 243 4111 823186
604227d56f34b50536d0df92 br -16 47 1 245 7665 830865
604227d56f34b50536d0df92 br -12 -27 1 295 4231 835108
604227d56f34b50536d0df92 br -12 -24 1 241 3491 838607
604227d56f34b50536d0df92 br -8 -10 1 224 3008 841625
604227d56f34b50536d0df92 zol -0.9 0.7 2 NA 4329 856163
604227d56f34b50536d0df92 zol -1.59 0.39 2 NA 3216 859395
604227d56f34b50536d0df92 zol -1.73 0.03 2 NA 3153 862563
604227d56f34b50536d0df92 zol -2.64 0.64 2 NA 3637 866218
604227d56f34b50536d0df92 zol -2.04 -0.66 2 NA 4168 870405
604227d56f34b50536d0df92 zol -2.49 -0.51 2 NA 3951 874376
604227d56f34b50536d0df92 zol -2.52 0.42 2 NA 6528 880924
604227d56f34b50536d0df92 zol -1.51 -0.49 2 NA 4364 885306
604227d56f34b50536d0df92 zol -1.37 0.47 2 NA 4017 889339
604227d56f34b50536d0df92 zol -2.01 -0.09 2 NA 4187 893542
604227d56f34b50536d0df92 zol -2 -0.4 2 NA 2739 896298
604227d56f34b50536d0df92 zol -1.6 -0.6 2 NA 2730 899044
604227d56f34b50536d0df92 zol -2 -0.1 2 NA 2591 901654
604227d56f34b50536d0df92 zol -1.11 -0.69 2 NA 4187 905855
604227d56f34b50536d0df92 zol -1.49 0.59 2 NA 6735 912607
604227d56f34b50536d0df92 pog 284 372 2 304 4272 927615
604227d56f34b50536d0df92 pog 326 330 2 345 1796 929418
604227d56f34b50536d0df92 pog 321 351 2 332 3254 932677
604227d56f34b50536d0df92 pog 327 353 2 334 2465 935156
604227d56f34b50536d0df92 pog 280 280 2 306 1157 936324
604227d56f34b50536d0df92 pog 305 391 2 319 6585 942923
604227d56f34b50536d0df92 pog 352 368 2 370 3046 945982
604227d56f34b50536d0df92 pog 366 388 2 373 3131 949132
604227d56f34b50536d0df92 pog 334 340 2 341 1757 950895
604227d56f34b50536d0df92 pog 337 313 2 346 5115 956016
604227d56f34b50536d0df92 pog 336 336 2 349 1163 957184
604227d56f34b50536d0df92 pog 355 291 2 363 5667 962863
604227d56f34b50536d0df92 pog 295 309 2 304 2554 965426
604227d56f34b50536d0df92 pog 358 346 2 369 4306 969741
604227d56f34b50536d0df92 pog 321 353 2 326 5024 974778
604227d56f34b50536d0df92 eb 40 28 1 33 3913 986787
604227d56f34b50536d0df92 eb 54 54 1 48 1921 988727
604227d56f34b50536d0df92 eb 46 46 1 35 1232 989967
604227d56f34b50536d0df92 eb 41 32 1 34 4111 994106
604227d56f34b50536d0df92 eb 28 26 1 24 4853 998977
604227d56f34b50536d0df92 eb 28 45 1 25 4623 1003609
604227d56f34b50536d0df92 eb 39 48 1 32 5047 1008664
604227d56f34b50536d0df92 eb 55 42 1 48 6515 1015194
604227d56f34b50536d0df92 eb 31 28 1 27 7498 1022711
604227d56f34b50536d0df92 eb 46 52 1 41 5986 1028717
604227d56f34b50536d0df92 eb 29 38 1 26 5944 1034678
604227d56f34b50536d0df92 eb 53 35 1 47 6947 1041643
604227d56f34b50536d0df92 eb 57 29 1 49 6584 1048245
604227d56f34b50536d0df92 eb 59 54 1 51 4443 1052708
604227d56f34b50536d0df92 eb 60 34 1 53 5805 1058528
60d5353d0248aca07f34435e pz 19 33 2 21 5535 117433
60d5353d0248aca07f34435e pz 22 50 2 25 6832 124266
60d5353d0248aca07f34435e pz 47 50 2 56 4735 129003
60d5353d0248aca07f34435e pz 31 53 2 38 6632 135637
60d5353d0248aca07f34435e pz 21 20 2 27 2751 138389
60d5353d0248aca07f34435e pz 43 23 2 57 null 146391
60d5353d0248aca07f34435e pz 32 32 2 46 70 146462
60d5353d0248aca07f34435e pz 20 26 2 25 3047 149510
60d5353d0248aca07f34435e pz 21 58 2 24 5112 154623
60d5353d0248aca07f34435e pz 45 39 2 52 4591 159216
60d5353d0248aca07f34435e pz 21 46 2 23 4975 164193
60d5353d0248aca07f34435e pz 27 49 2 31 5261 169458
60d5353d0248aca07f34435e pz 50 51 2 57 2903 172362
60d5353d0248aca07f34435e pz 47 56 2 55 4464 176827
60d5353d0248aca07f34435e pz 41 56 2 42 4215 181043
60d5353d0248aca07f34435e br -12 21 1 232 3631 207705
60d5353d0248aca07f34435e br -12 -8 1 297 2807 210513
60d5353d0248aca07f34435e br -12 10 1 224 4543 215058
60d5353d0248aca07f34435e br -16 17 1 230 4647 219706
60d5353d0248aca07f34435e br -15 9 1 220 6336 226043
60d5353d0248aca07f34435e br -21 -37 1 241 3511 229556
60d5353d0248aca07f34435e br -18 -16 1 256 2118 231676
60d5353d0248aca07f34435e br -17 -40 1 205 3343 235021
60d5353d0248aca07f34435e br -19 26 1 208 3783 238805
60d5353d0248aca07f34435e br -17 -45 1 239 3551 242358
60d5353d0248aca07f34435e br -18 -8 1 240 1479 243838
60d5353d0248aca07f34435e br -13 -24 1 218 5232 249071
60d5353d0248aca07f34435e br -12 -6 1 206 2575 251647
60d5353d0248aca07f34435e br -15 -22 1 294 4245 255896
60d5353d0248aca07f34435e br -20 -20 1 205 2167 258064
60d5353d0248aca07f34435e pog 300 370 2 324 5327 283716
60d5353d0248aca07f34435e pog 356 360 2 374 2560 286277
60d5353d0248aca07f34435e pog 326 362 2 353 3392 289670
60d5353d0248aca07f34435e pog 330 312 2 359 3070 292742
60d5353d0248aca07f34435e pog 342 298 2 368 7240 299983
60d5353d0248aca07f34435e pog 327 331 2 354 3223 303208
60d5353d0248aca07f34435e pog 322 388 2 347 6272 309481
60d5353d0248aca07f34435e pog 298 296 2 317 1823 311305
60d5353d0248aca07f34435e pog 287 371 2 303 5496 316801
60d5353d0248aca07f34435e pog 354 302 2 370 4640 321442
60d5353d0248aca07f34435e pog 308 296 2 328 2199 323643
60d5353d0248aca07f34435e pog 325 371 2 346 2928 326571
60d5353d0248aca07f34435e pog 292 316 2 317 3488 330068
60d5353d0248aca07f34435e pog 295 371 2 321 5791 335861
60d5353d0248aca07f34435e pog 340 286 2 359 5344 341206
60d5353d0248aca07f34435e eb 55 52 1 47 3095 374490
60d5353d0248aca07f34435e eb 57 34 1 50 3663 378155
60d5353d0248aca07f34435e eb 57 25 1 52 5268 383428
60d5353d0248aca07f34435e eb 57 29 1 52 5686 389117
60d5353d0248aca07f34435e eb 45 39 1 44 2670 391790
60d5353d0248aca07f34435e eb 35 45 1 32 4263 396054
60d5353d0248aca07f34435e eb 50 48 1 41 4287 400343
60d5353d0248aca07f34435e eb 48 38 1 44 1782 402127
60d5353d0248aca07f34435e eb 46 29 1 42 3672 405800
60d5353d0248aca07f34435e eb 28 36 1 27 3021 408824
60d5353d0248aca07f34435e eb 50 36 1 45 2952 411777
60d5353d0248aca07f34435e eb 29 50 1 26 5830 417609
60d5353d0248aca07f34435e eb 43 46 1 33 3055 420666
60d5353d0248aca07f34435e eb 40 36 1 34 2686 423355
60d5353d0248aca07f34435e eb 57 41 1 51 2678 426035
60d5353d0248aca07f34435e zol 1.03 -0.33 1 NA null 464220
60d5353d0248aca07f34435e zol 0.69 0.31 1 NA 5949 470170
60d5353d0248aca07f34435e zol 0.85 0.35 1 NA 2174 472347
60d5353d0248aca07f34435e zol 1.07 0.43 1 NA 2351 474699
60d5353d0248aca07f34435e zol 1.32 -0.02 1 NA 2487 477188
60d5353d0248aca07f34435e zol 1.38 -0.68 1 NA 2942 480132
60d5353d0248aca07f34435e zol 0.79 0.71 1 NA 4607 484740
60d5353d0248aca07f34435e zol 1.12 0.28 1 NA 5231 489974
60d5353d0248aca07f34435e zol 0.8 0.5 1 NA 1990 491966
60d5353d0248aca07f34435e zol 0.77 0.73 1 NA 2038 494006
60d5353d0248aca07f34435e zol 1.27 0.13 1 NA 5069 499079
60d5353d0248aca07f34435e zol 1.21 -0.51 1 NA 2597 501679
60d5353d0248aca07f34435e zol 0.95 0.75 1 NA 3955 505640
60d5353d0248aca07f34435e zol 0.7 -0.6 1 NA 6406 512049
60d5353d0248aca07f34435e zol 0.84 -0.34 1 NA 3366 515417
60d5353d0248aca07f34435e zol -0.82 -0.48 2 NA 7367 536213
60d5353d0248aca07f34435e zol -0.96 -0.24 2 NA 5079 541294
60d5353d0248aca07f34435e zol -0.91 -0.09 2 NA 2950 544246
60d5353d0248aca07f34435e zol -0.93 -0.07 2 NA 3358 547607
60d5353d0248aca07f34435e zol -0.25 0.35 2 NA 4551 552159
60d5353d0248aca07f34435e zol -0.87 -0.33 2 NA 2798 554959
60d5353d0248aca07f34435e zol -1.61 0.41 2 NA 1862 556824
60d5353d0248aca07f34435e zol -1.47 0.07 2 NA 1822 558648
60d5353d0248aca07f34435e zol -1.28 -0.32 2 NA 2455 561104
60d5353d0248aca07f34435e zol -1.83 0.33 2 NA 2493 563601
60d5353d0248aca07f34435e zol -1.35 -0.15 2 NA 2518 566121
60d5353d0248aca07f34435e zol -1.41 -0.59 2 NA 3103 569225
60d5353d0248aca07f34435e zol -0.98 0.58 2 NA 3198 572426
60d5353d0248aca07f34435e zol -0.7 -0.7 2 NA 3823 576251
60d5353d0248aca07f34435e zol -1.44 -0.16 2 NA 2607 578859
60d5353d0248aca07f34435e pz 46 26 1 34 2605 593013
60d5353d0248aca07f34435e pz 68 39 1 59 3775 596790
60d5353d0248aca07f34435e pz 37 39 1 28 3789 600583
60d5353d0248aca07f34435e pz 46 41 1 33 2239 602823
60d5353d0248aca07f34435e pz 37 35 1 30 2431 605255
60d5353d0248aca07f34435e pz 71 42 1 57 4168 609424
60d5353d0248aca07f34435e pz 47 55 1 32 2664 612089
60d5353d0248aca07f34435e pz 35 39 1 22 2191 614281
60d5353d0248aca07f34435e pz 67 44 1 44 2903 617185
60d5353d0248aca07f34435e pz 53 38 1 43 3080 620267
60d5353d0248aca07f34435e pz 59 47 1 57 1862 622131
60d5353d0248aca07f34435e pz 43 41 1 33 2671 624803
60d5353d0248aca07f34435e pz 46 60 1 32 5109 629915
60d5353d0248aca07f34435e pz 56 53 1 52 2319 632236
60d5353d0248aca07f34435e pz 55 51 1 58 1510 633749
60d5353d0248aca07f34435e pog 206 108 1 184 3847 648766
60d5353d0248aca07f34435e pog 163 155 1 151 2527 651295
60d5353d0248aca07f34435e pog 196 188 1 181 2307 653607
60d5353d0248aca07f34435e pog 164 188 1 147 2687 656296
60d5353d0248aca07f34435e pog 217 219 1 196 1695 657992
60d5353d0248aca07f34435e pog 177 125 1 157 3551 661544
60d5353d0248aca07f34435e pog 147 101 1 135 2631 664177
60d5353d0248aca07f34435e pog 203 165 1 185 3111 667289
60d5353d0248aca07f34435e pog 155 101 1 135 4184 671474
60d5353d0248aca07f34435e pog 188 128 1 161 3575 675051
60d5353d0248aca07f34435e pog 202 102 1 173 3776 678828
60d5353d0248aca07f34435e pog 176 168 1 169 1335 680164
60d5353d0248aca07f34435e pog 192 166 1 175 1743 681908
60d5353d0248aca07f34435e pog 199 179 1 177 2367 684276
60d5353d0248aca07f34435e pog 209 149 1 188 4024 688302
60d5353d0248aca07f34435e br 15 5 2 240 1467 706232
60d5353d0248aca07f34435e br 16 -17 2 235 4456 710689
60d5353d0248aca07f34435e br 13 6 2 252 1622 712313
60d5353d0248aca07f34435e br 13 13 2 228 3175 715489
60d5353d0248aca07f34435e br 20 -11 2 274 3383 718874
60d5353d0248aca07f34435e br 19 -41 2 294 null 726875
60d5353d0248aca07f34435e br 17 -46 2 219 3983 730859
60d5353d0248aca07f34435e br 19 49 2 211 2366 733228
60d5353d0248aca07f34435e br 14 17 2 234 1542 734772
60d5353d0248aca07f34435e br 15 13 2 207 1519 736292
60d5353d0248aca07f34435e br 19 -21 2 283 3415 739709
60d5353d0248aca07f34435e br 18 45 2 225 2327 742037
60d5353d0248aca07f34435e br 18 -9 2 220 4535 746574
60d5353d0248aca07f34435e br 15 -2 2 280 2597 749174
60d5353d0248aca07f34435e br 19 -9 2 233 3695 752870
60d5353d0248aca07f34435e eb 49 42 2 38 1631 767833
60d5353d0248aca07f34435e eb 61 49 2 49 2646 770482
60d5353d0248aca07f34435e eb 32 32 2 29 2221 772706
60d5353d0248aca07f34435e eb 47 38 2 42 1454 774162
60d5353d0248aca07f34435e eb 32 26 2 29 1327 775490
60d5353d0248aca07f34435e eb 47 24 2 41 4135 779627
60d5353d0248aca07f34435e eb 54 32 2 40 3974 783603
60d5353d0248aca07f34435e eb 52 50 2 43 1391 784996
60d5353d0248aca07f34435e eb 38 31 2 33 1566 786564
60d5353d0248aca07f34435e eb 64 50 2 54 5031 791598
60d5353d0248aca07f34435e eb 36 48 2 30 3423 795022
60d5353d0248aca07f34435e eb 48 53 2 38 2382 797406
60d5353d0248aca07f34435e eb 38 30 2 28 2039 799447
60d5353d0248aca07f34435e eb 43 39 2 34 1807 801255
60d5353d0248aca07f34435e eb 50 25 2 40 4111 805368
60f1fa8f73bf9815c88dc8cb br 24 29 2 223 null 359207
60f1fa8f73bf9815c88dc8cb br 2 -31 2 246 null 367208
60f1fa8f73bf9815c88dc8cb br 18 -37 2 230 null 375210
60f1fa8f73bf9815c88dc8cb br 18 -2 2 221 null 383211
60f1fa8f73bf9815c88dc8cb br 18 -45 2 211 null 391212
60f1fa8f73bf9815c88dc8cb br 17 -41 2 226 5717 396934
60f1fa8f73bf9815c88dc8cb br 18 -4 2 300 5983 402918
60f1fa8f73bf9815c88dc8cb br 22 -11 2 265 6726 409646
60f1fa8f73bf9815c88dc8cb br 21 -42 2 213 7415 417062
60f1fa8f73bf9815c88dc8cb br 16 -44 2 221 7423 424486
60f1fa8f73bf9815c88dc8cb br 23 -47 2 267 7120 431608
60f1fa8f73bf9815c88dc8cb br 22 26 2 295 7510 439119
60f1fa8f73bf9815c88dc8cb br 20 -24 2 248 7943 447063
60f1fa8f73bf9815c88dc8cb br 22 -23 2 233 5855 452920
60f1fa8f73bf9815c88dc8cb br 22 -9 2 226 5952 458873
60f1fa8f73bf9815c88dc8cb eb 46 30 1 40 null 530604
60f1fa8f73bf9815c88dc8cb eb 44 47 1 40 null 538606
60f1fa8f73bf9815c88dc8cb eb 49 39 1 45 null 546608
60f1fa8f73bf9815c88dc8cb eb 31 44 1 28 null 554611
60f1fa8f73bf9815c88dc8cb eb 57 43 1 52 null 562613
60f1fa8f73bf9815c88dc8cb eb 54 43 1 49 null 570614
60f1fa8f73bf9815c88dc8cb eb 35 34 1 30 null 578616
60f1fa8f73bf9815c88dc8cb eb 42 36 1 39 6168 584789
60f1fa8f73bf9815c88dc8cb eb 44 54 1 41 null 592790
60f1fa8f73bf9815c88dc8cb eb 34 46 1 31 null 600792
60f1fa8f73bf9815c88dc8cb eb 56 30 1 49 null 608794
60f1fa8f73bf9815c88dc8cb eb 39 48 1 34 4642 613438
60f1fa8f73bf9815c88dc8cb eb 37 24 1 35 6614 620054
60f1fa8f73bf9815c88dc8cb eb 50 45 1 44 4647 624702
60f1fa8f73bf9815c88dc8cb eb 27 29 1 25 4423 629127
60f1fa8f73bf9815c88dc8cb zol 1.82 -0.22 1 NA null 656025
60f1fa8f73bf9815c88dc8cb zol 1.36 -0.66 1 NA null 664027
60f1fa8f73bf9815c88dc8cb zol 2.41 -0.11 1 NA null 672031
60f1fa8f73bf9815c88dc8cb zol 2.31 -0.61 1 NA 7567 679600
60f1fa8f73bf9815c88dc8cb zol 2.06 -0.06 1 NA null 687602
60f1fa8f73bf9815c88dc8cb zol 2.05 0.75 1 NA null 695604
60f1fa8f73bf9815c88dc8cb zol 1.7 -0.3 1 NA 6692 702298
60f1fa8f73bf9815c88dc8cb zol 2.07 0.03 1 NA 6109 708410
60f1fa8f73bf9815c88dc8cb zol 1.66 0.74 1 NA null 716412
60f1fa8f73bf9815c88dc8cb zol 1.27 -0.57 1 NA null 724414
60f1fa8f73bf9815c88dc8cb zol 1.48 0.22 1 NA 7122 731538
60f1fa8f73bf9815c88dc8cb zol 1.48 0.32 1 NA null 739541
60f1fa8f73bf9815c88dc8cb zol 1.58 -0.18 1 NA null 747543
60f1fa8f73bf9815c88dc8cb zol 1.53 -0.13 1 NA null 755546
60f1fa8f73bf9815c88dc8cb zol 1.62 -0.22 1 NA 5727 761275
60f1fa8f73bf9815c88dc8cb pog 173 187 1 160 null 800551
60f1fa8f73bf9815c88dc8cb pog 219 125 1 200 7038 807590
60f1fa8f73bf9815c88dc8cb pog 154 150 1 144 4918 812509
60f1fa8f73bf9815c88dc8cb pog 145 177 1 128 null 820511
60f1fa8f73bf9815c88dc8cb pog 199 171 1 187 6198 826710
60f1fa8f73bf9815c88dc8cb pog 197 103 1 185 7518 834230
60f1fa8f73bf9815c88dc8cb pog 192 136 1 180 7383 841615
60f1fa8f73bf9815c88dc8cb pog 140 208 1 126 null 849616
60f1fa8f73bf9815c88dc8cb pog 139 139 1 120 3549 853167
60f1fa8f73bf9815c88dc8cb pog 189 153 1 172 5671 858839
60f1fa8f73bf9815c88dc8cb pog 173 147 1 159 4568 863408
60f1fa8f73bf9815c88dc8cb pog 157 163 1 141 4302 867711
60f1fa8f73bf9815c88dc8cb pog 173 191 1 159 6767 874479
60f1fa8f73bf9815c88dc8cb pog 183 181 1 166 null 882481
60f1fa8f73bf9815c88dc8cb pog 151 207 1 131 5997 888480
60f1fa8f73bf9815c88dc8cb pz 26 39 2 56 null 938899
60f1fa8f73bf9815c88dc8cb pz 43 29 2 58 null 946900
60f1fa8f73bf9815c88dc8cb pz 19 41 2 26 null 954902
60f1fa8f73bf9815c88dc8cb pz 22 52 2 32 null 962903
60f1fa8f73bf9815c88dc8cb pz 23 50 2 28 null 970904
60f1fa8f73bf9815c88dc8cb pz 14 57 2 20 null 978907
60f1fa8f73bf9815c88dc8cb pz 25 22 2 35 7316 986227
60f1fa8f73bf9815c88dc8cb pz 22 56 2 29 7183 993412
60f1fa8f73bf9815c88dc8cb pz 24 31 2 33 7086 1000500
60f1fa8f73bf9815c88dc8cb pz 36 52 2 48 null 1008501
60f1fa8f73bf9815c88dc8cb pz 22 52 2 28 null 1016503
60f1fa8f73bf9815c88dc8cb pz 33 52 2 45 null 1024504
60f1fa8f73bf9815c88dc8cb pz 23 56 2 32 null 1032505
60f1fa8f73bf9815c88dc8cb pz 19 39 2 25 6351 1038862
60f1fa8f73bf9815c88dc8cb pz 19 20 2 26 3526 1042390
60f1fa8f73bf9815c88dc8cb zol -2.21 0.11 2 NA null 1069705
60f1fa8f73bf9815c88dc8cb zol -1.36 -0.54 2 NA 6804 1076511
60f1fa8f73bf9815c88dc8cb zol -1.58 -0.12 2 NA 6054 1082567
60f1fa8f73bf9815c88dc8cb zol -1.32 -0.18 2 NA null 1090570
60f1fa8f73bf9815c88dc8cb zol -1.18 -0.42 2 NA null 1098572
60f1fa8f73bf9815c88dc8cb zol -0.79 -0.21 2 NA null 1106575
60f1fa8f73bf9815c88dc8cb zol -1.11 0.11 2 NA null 1114577
60f1fa8f73bf9815c88dc8cb zol -1.47 -0.23 2 NA 4225 1118808
60f1fa8f73bf9815c88dc8cb zol -1.13 0.03 2 NA null 1126810
60f1fa8f73bf9815c88dc8cb zol -1.2 0 2 NA null 1134812
60f1fa8f73bf9815c88dc8cb zol -0.78 -0.62 2 NA null 1142814
60f1fa8f73bf9815c88dc8cb zol -1.43 -0.37 2 NA null 1150816
60f1fa8f73bf9815c88dc8cb zol -1.37 0.57 2 NA null 1158818
60f1fa8f73bf9815c88dc8cb zol -0.94 -0.66 2 NA null 1166821
60f1fa8f73bf9815c88dc8cb zol -1.21 0.51 2 NA null 1174823
60f1fa8f73bf9815c88dc8cb eb 48 46 2 43 5079 1194628
60f1fa8f73bf9815c88dc8cb eb 31 28 2 29 3966 1198596
60f1fa8f73bf9815c88dc8cb eb 52 47 2 50 7206 1205803
60f1fa8f73bf9815c88dc8cb eb 38 40 2 35 5311 1211115
60f1fa8f73bf9815c88dc8cb eb 27 49 2 26 null 1219118
60f1fa8f73bf9815c88dc8cb eb 28 28 2 48 44 1219164
60f1fa8f73bf9815c88dc8cb eb 42 43 2 39 5031 1224196
60f1fa8f73bf9815c88dc8cb eb 44 36 2 42 6943 1231141
60f1fa8f73bf9815c88dc8cb eb 28 32 2 26 6558 1237700
60f1fa8f73bf9815c88dc8cb eb 53 31 2 49 null 1245702
60f1fa8f73bf9815c88dc8cb eb 27 42 2 25 6812 1252517
60f1fa8f73bf9815c88dc8cb eb 58 35 2 53 null 1260519
60f1fa8f73bf9815c88dc8cb eb 41 46 2 39 7549 1268070
60f1fa8f73bf9815c88dc8cb eb 57 28 2 52 7510 1275582
60f1fa8f73bf9815c88dc8cb eb 58 30 2 54 6959 1282542
60f1fa8f73bf9815c88dc8cb pog 330 320 2 349 5935 1297175
60f1fa8f73bf9815c88dc8cb pog 366 342 2 378 6183 1303360
60f1fa8f73bf9815c88dc8cb pog 327 323 2 338 5934 1309295
60f1fa8f73bf9815c88dc8cb pog 365 363 2 377 5847 1315144
60f1fa8f73bf9815c88dc8cb pog 292 358 2 304 null 1323146
60f1fa8f73bf9815c88dc8cb pog 320 394 2 331 7638 1330785
60f1fa8f73bf9815c88dc8cb pog 305 385 2 315 7189 1337977
60f1fa8f73bf9815c88dc8cb pog 373 363 2 379 7615 1345593
60f1fa8f73bf9815c88dc8cb pog 292 286 2 310 3654 1349249
60f1fa8f73bf9815c88dc8cb pog 306 394 2 321 7376 1356626
60f1fa8f73bf9815c88dc8cb pog 322 362 2 334 7566 1364194
60f1fa8f73bf9815c88dc8cb pog 333 307 2 343 6655 1370850
60f1fa8f73bf9815c88dc8cb pog 324 354 2 332 5779 1376635
60f1fa8f73bf9815c88dc8cb pog 367 389 2 376 null 1384636
60f1fa8f73bf9815c88dc8cb pog 319 285 2 334 3333 1387971
60f1fa8f73bf9815c88dc8cb pz 37 26 1 21 null 1405669
60f1fa8f73bf9815c88dc8cb pz 45 34 1 33 null 1413671
60f1fa8f73bf9815c88dc8cb pz 92 32 1 46 null 1421672
60f1fa8f73bf9815c88dc8cb pz 75 38 1 41 5594 1427268
60f1fa8f73bf9815c88dc8cb pz 89 47 1 46 null 1435269
60f1fa8f73bf9815c88dc8cb pz 71 44 1 37 5677 1440949
60f1fa8f73bf9815c88dc8cb pz 123 57 1 58 null 1448950
60f1fa8f73bf9815c88dc8cb pz 56 51 1 33 null 1456951
60f1fa8f73bf9815c88dc8cb pz 104 45 1 48 null 1464953
60f1fa8f73bf9815c88dc8cb pz 84 34 1 45 null 1472955
60f1fa8f73bf9815c88dc8cb pz 39 55 1 24 6542 1479502
60f1fa8f73bf9815c88dc8cb pz 40 49 1 30 null 1487504
60f1fa8f73bf9815c88dc8cb pz 83 53 1 43 4837 1492343
60f1fa8f73bf9815c88dc8cb pz 72 23 1 41 null 1500344
60f1fa8f73bf9815c88dc8cb pz 72 39 1 40 5357 1505703
60f1fa8f73bf9815c88dc8cb br -20 -34 1 258 null 1532953
60f1fa8f73bf9815c88dc8cb br -19 -49 1 216 6645 1539600
60f1fa8f73bf9815c88dc8cb br -18 48 1 222 null 1547601
60f1fa8f73bf9815c88dc8cb br -17 32 1 216 null 1555603
60f1fa8f73bf9815c88dc8cb br -15 -43 1 201 7548 1563153
60f1fa8f73bf9815c88dc8cb br -20 15 1 223 7302 1570458
60f1fa8f73bf9815c88dc8cb br -19 -39 1 300 6807 1577266
60f1fa8f73bf9815c88dc8cb br -21 47 1 255 6822 1584090
60f1fa8f73bf9815c88dc8cb br -20 49 1 300 7591 1591682
60f1fa8f73bf9815c88dc8cb br -18 27 1 244 4415 1596099
60f1fa8f73bf9815c88dc8cb br -12 -46 1 224 5502 1601602
60f1fa8f73bf9815c88dc8cb br -15 -29 1 202 6566 1608171
60f1fa8f73bf9815c88dc8cb br -16 23 1 233 null 1616173
60f1fa8f73bf9815c88dc8cb br -20 -23 1 285 6542 1622716
60f1fa8f73bf9815c88dc8cb br -20 -8 1 290 7583 1630301
61078342b757ebe17dfbb5ad pog 340 322 2 372 5934 137826
61078342b757ebe17dfbb5ad pog 303 311 2 328 6851 144680
61078342b757ebe17dfbb5ad pog 289 299 2 318 5943 150630
61078342b757ebe17dfbb5ad pog 315 373 2 341 5710 156346
61078342b757ebe17dfbb5ad pog 309 297 2 334 3871 160224
61078342b757ebe17dfbb5ad pog 328 346 2 339 null 168229
61078342b757ebe17dfbb5ad pog 357 393 2 372 5441 173672
61078342b757ebe17dfbb5ad pog 282 392 2 303 6495 180170
61078342b757ebe17dfbb5ad pog 349 393 2 362 5322 185496
61078342b757ebe17dfbb5ad pog 370 304 2 378 5388 190886
61078342b757ebe17dfbb5ad pog 337 351 2 343 4642 195538
61078342b757ebe17dfbb5ad pog 341 341 2 345 3556 199097
61078342b757ebe17dfbb5ad pog 347 313 2 354 5016 204115
61078342b757ebe17dfbb5ad pog 368 290 2 374 4922 209044
61078342b757ebe17dfbb5ad pog 331 347 2 340 4982 214029
61078342b757ebe17dfbb5ad zol 2.04 -0.74 1 NA 6828 268092
61078342b757ebe17dfbb5ad zol 1.92 -0.12 1 NA 5378 273476
61078342b757ebe17dfbb5ad zol 1.97 0.53 1 NA 6492 279971
61078342b757ebe17dfbb5ad zol 1.99 0.11 1 NA 7030 287010
61078342b757ebe17dfbb5ad zol 2 -0.5 1 NA 4842 291860
61078342b757ebe17dfbb5ad zol 1.76 -0.06 1 NA 6618 298482
61078342b757ebe17dfbb5ad zol 1.91 0.69 1 NA 5602 304089
61078342b757ebe17dfbb5ad zol 1.72 -0.12 1 NA 7858 311959
61078342b757ebe17dfbb5ad zol 1.91 -0.01 1 NA null 319965
61078342b757ebe17dfbb5ad zol 1.68 0.02 1 NA 3479 323450
61078342b757ebe17dfbb5ad zol 1.72 0.18 1 NA 5819 329274
61078342b757ebe17dfbb5ad zol 1.9 -0.3 1 NA 3518 332799
61078342b757ebe17dfbb5ad zol 1.64 -0.74 1 NA null 340805
61078342b757ebe17dfbb5ad zol 1.52 0.58 1 NA 3292 344102
61078342b757ebe17dfbb5ad zol 2 0.3 1 NA 4090 348197
61078342b757ebe17dfbb5ad eb 45 34 2 39 6207 463908
61078342b757ebe17dfbb5ad eb 35 32 2 31 2764 466685
61078342b757ebe17dfbb5ad eb 28 33 2 25 3131 469823
61078342b757ebe17dfbb5ad eb 29 43 2 24 4970 474796
61078342b757ebe17dfbb5ad eb 42 43 2 37 3530 478330
61078342b757ebe17dfbb5ad eb 54 49 2 47 3160 481493
61078342b757ebe17dfbb5ad eb 26 34 2 26 5160 486656
61078342b757ebe17dfbb5ad eb 40 52 2 32 4587 491246
61078342b757ebe17dfbb5ad eb 55 47 2 48 4099 495349
61078342b757ebe17dfbb5ad eb 31 49 2 29 5141 500499
61078342b757ebe17dfbb5ad eb 55 27 2 49 5886 506395
61078342b757ebe17dfbb5ad eb 48 27 2 38 4025 510424
61078342b757ebe17dfbb5ad eb 49 24 2 45 4039 514469
61078342b757ebe17dfbb5ad eb 27 51 2 26 4602 519077
61078342b757ebe17dfbb5ad eb 54 26 2 47 5394 524475
61078342b757ebe17dfbb5ad pz 60 32 2 60 6345 566325
61078342b757ebe17dfbb5ad pz 55 40 2 49 3425 569753
61078342b757ebe17dfbb5ad pz 41 22 2 40 4225 573985
61078342b757ebe17dfbb5ad pz 19 56 2 24 4668 578659
61078342b757ebe17dfbb5ad pz 37 39 2 42 2955 581620
61078342b757ebe17dfbb5ad pz 40 20 2 41 4268 585897
61078342b757ebe17dfbb5ad pz 19 25 2 20 3754 589655
61078342b757ebe17dfbb5ad pz 29 39 2 29 4632 594294
61078342b757ebe17dfbb5ad pz 48 50 2 54 4793 599090
61078342b757ebe17dfbb5ad pz 56 31 2 60 4133 603230
61078342b757ebe17dfbb5ad pz 52 44 2 57 2828 606064
61078342b757ebe17dfbb5ad pz 26 42 2 26 4664 610731
61078342b757ebe17dfbb5ad pz 43 50 2 54 4249 614984
61078342b757ebe17dfbb5ad pz 26 29 2 34 2900 617888
61078342b757ebe17dfbb5ad pz 33 53 2 31 5666 623557
61078342b757ebe17dfbb5ad br 20 -8 2 228 4949 691327
61078342b757ebe17dfbb5ad br 29 -36 2 274 7108 698440
61078342b757ebe17dfbb5ad br 28 -9 2 296 4617 703061
61078342b757ebe17dfbb5ad br 24 -38 2 224 null 711067
61078342b757ebe17dfbb5ad br 34 34 2 295 127 711199
61078342b757ebe17dfbb5ad br 24 -49 2 280 7686 718891
61078342b757ebe17dfbb5ad br 20 37 2 248 3116 722012
61078342b757ebe17dfbb5ad br 25 -23 2 200 5234 727254
61078342b757ebe17dfbb5ad br 26 35 2 289 2944 730201
61078342b757ebe17dfbb5ad br 24 5 2 202 null 738221
61078342b757ebe17dfbb5ad br 21 -16 2 235 6458 744690
61078342b757ebe17dfbb5ad br 24 9 2 284 3324 748017
61078342b757ebe17dfbb5ad br 21 19 2 225 4626 752648
61078342b757ebe17dfbb5ad br 18 4 2 213 3983 756638
61078342b757ebe17dfbb5ad br 24 45 2 217 5645 762295
61078342b757ebe17dfbb5ad pz -5 29 1 40 null 783087
61078342b757ebe17dfbb5ad pz 58 21 1 57 4238 787328
61078342b757ebe17dfbb5ad pz 50 50 1 58 879 788212
61078342b757ebe17dfbb5ad pz 64 43 1 55 3494 791727
61078342b757ebe17dfbb5ad pz 33 45 1 28 3191 794922
61078342b757ebe17dfbb5ad pz 57 42 1 45 4555 799480
61078342b757ebe17dfbb5ad pz 43 39 1 43 2780 802263
61078342b757ebe17dfbb5ad pz 23 38 1 23 3682 805948
61078342b757ebe17dfbb5ad pz 54 28 1 48 4831 810783
61078342b757ebe17dfbb5ad pz 26 59 1 25 6248 817037
61078342b757ebe17dfbb5ad pz 60 30 1 49 5795 822840
61078342b757ebe17dfbb5ad pz 66 30 1 49 4455 827299
61078342b757ebe17dfbb5ad pz 35 60 1 32 4701 832009
61078342b757ebe17dfbb5ad pz 56 38 1 40 3377 835390
61078342b757ebe17dfbb5ad pz 51 27 1 44 3648 839042
61078342b757ebe17dfbb5ad pog 164 182 1 133 3849 887288
61078342b757ebe17dfbb5ad pog 195 179 1 164 3663 890959
61078342b757ebe17dfbb5ad pog 170 122 1 146 4296 895259
61078342b757ebe17dfbb5ad pog 155 169 1 135 2539 897804
61078342b757ebe17dfbb5ad pog 215 139 1 184 4360 902166
61078342b757ebe17dfbb5ad pog 206 164 1 182 5052 907222
61078342b757ebe17dfbb5ad pog 228 194 1 198 3717 910948
61078342b757ebe17dfbb5ad pog 221 125 1 196 4896 915847
61078342b757ebe17dfbb5ad pog 149 189 1 121 5883 921733
61078342b757ebe17dfbb5ad pog 184 184 1 157 1181 922917
61078342b757ebe17dfbb5ad pog 216 166 1 195 3604 926524
61078342b757ebe17dfbb5ad pog 159 115 1 134 3218 929750
61078342b757ebe17dfbb5ad pog 183 143 1 155 3152 932904
61078342b757ebe17dfbb5ad pog 152 136 1 126 2396 935303
61078342b757ebe17dfbb5ad pog 189 219 1 171 2890 938197
61078342b757ebe17dfbb5ad br -11 2 1 274 2341 984168
61078342b757ebe17dfbb5ad br -11 -10 1 221 3703 987874
61078342b757ebe17dfbb5ad br 2 41 1 260 4567 992445
61078342b757ebe17dfbb5ad br -13 1 1 225 3603 996054
61078342b757ebe17dfbb5ad br -8 4 1 267 2406 998475
61078342b757ebe17dfbb5ad br -6 50 1 272 4750 1003227
61078342b757ebe17dfbb5ad br -13 -21 1 259 3588 1006818
61078342b757ebe17dfbb5ad br -13 -22 1 273 3031 1009852
61078342b757ebe17dfbb5ad br -5 22 1 232 3780 1013634
61078342b757ebe17dfbb5ad br -10 -13 1 279 2733 1016370
61078342b757ebe17dfbb5ad br -6 13 1 280 2833 1019206
61078342b757ebe17dfbb5ad br -4 17 1 248 4159 1023368
61078342b757ebe17dfbb5ad br -2 33 1 210 3210 1026596
61078342b757ebe17dfbb5ad br -12 -37 1 288 6568 1033170
61078342b757ebe17dfbb5ad br -10 -12 1 234 3275 1036448
61078342b757ebe17dfbb5ad eb 58 25 1 50 3942 1051746
61078342b757ebe17dfbb5ad eb 33 48 1 28 3764 1055514
61078342b757ebe17dfbb5ad eb 40 36 1 32 3244 1058771
61078342b757ebe17dfbb5ad eb 50 30 1 45 4086 1062861
61078342b757ebe17dfbb5ad eb 36 26 1 30 3884 1066748
61078342b757ebe17dfbb5ad eb 40 31 1 30 3392 1070148
61078342b757ebe17dfbb5ad eb 45 27 1 36 4143 1074299
61078342b757ebe17dfbb5ad eb 41 44 1 37 2649 1076956
61078342b757ebe17dfbb5ad eb 54 50 1 46 4091 1081053
61078342b757ebe17dfbb5ad eb 40 43 1 31 3811 1084873
61078342b757ebe17dfbb5ad eb 58 47 1 48 4008 1088901
61078342b757ebe17dfbb5ad eb 53 53 1 47 7120 1096030
61078342b757ebe17dfbb5ad eb 32 26 1 27 6808 1102841
61078342b757ebe17dfbb5ad eb 53 41 1 50 3358 1106202
61078342b757ebe17dfbb5ad eb 29 29 1 25 4650 1110860
61078342b757ebe17dfbb5ad zol -2.02 -0.68 2 NA 6826 1150989
61078342b757ebe17dfbb5ad zol -2.02 0.22 2 NA 7404 1158400
61078342b757ebe17dfbb5ad zol -2 0.3 2 NA 3604 1162009
61078342b757ebe17dfbb5ad zol -1.72 -0.18 2 NA 5074 1167087
61078342b757ebe17dfbb5ad zol -2.06 -0.54 2 NA 6681 1173789
61078342b757ebe17dfbb5ad zol -2.11 0.71 2 NA 3455 1177253
61078342b757ebe17dfbb5ad zol -1.63 0.23 2 NA 2742 1180005
61078342b757ebe17dfbb5ad zol 2.25 -0.55 2 NA null 1188012
61078342b757ebe17dfbb5ad zol -1.69 -0.21 2 NA 5164 1193182
61078342b757ebe17dfbb5ad zol -2.07 -0.23 2 NA 4295 1197481
61078342b757ebe17dfbb5ad zol -2.25 0.75 2 NA 3373 1200859
61078342b757ebe17dfbb5ad zol -1.5 -0.6 2 NA 3888 1204754
61078342b757ebe17dfbb5ad zol -1.78 0.18 2 NA 4136 1208898
61078342b757ebe17dfbb5ad zol -1.85 -0.45 2 NA 3810 1212713
61078342b757ebe17dfbb5ad zol -1.43 -0.07 2 NA 5183 1217913
614eb489b0a5f38772bab599 br -38 47 1 298 7492 137621
614eb489b0a5f38772bab599 br -31 -29 1 249 4614 142238
614eb489b0a5f38772bab599 br -23 14 1 208 null 150242
614eb489b0a5f38772bab599 br 38 38 1 250 171 150416
614eb489b0a5f38772bab599 br -22 46 1 294 4486 154911
614eb489b0a5f38772bab599 br -29 -4 1 218 3035 157949
614eb489b0a5f38772bab599 br -15 48 1 202 5425 163377
614eb489b0a5f38772bab599 br -24 25 1 217 2784 166164
614eb489b0a5f38772bab599 br -35 20 1 276 2947 169114
614eb489b0a5f38772bab599 br -35 -33 1 277 1777 170894
614eb489b0a5f38772bab599 br -19 41 1 227 3019 173916
614eb489b0a5f38772bab599 br -23 38 1 200 6110 180030
614eb489b0a5f38772bab599 br -19 22 1 202 5229 185263
614eb489b0a5f38772bab599 br -16 28 1 243 5503 190771
614eb489b0a5f38772bab599 br -15 27 1 234 3745 194518
614eb489b0a5f38772bab599 pz 25 51 2 29 5748 225678
614eb489b0a5f38772bab599 pz 37 37 2 42 4953 230634
614eb489b0a5f38772bab599 pz 46 29 2 59 3001 233636
614eb489b0a5f38772bab599 pz 48 29 2 57 2472 236111
614eb489b0a5f38772bab599 pz 37 28 2 52 3095 239209
614eb489b0a5f38772bab599 pz 18 44 2 27 3407 242621
614eb489b0a5f38772bab599 pz 19 43 2 29 4894 247518
614eb489b0a5f38772bab599 pz 22 33 2 39 3880 251401
614eb489b0a5f38772bab599 pz 12 54 2 21 4447 255850
614eb489b0a5f38772bab599 pz 27 54 2 44 3993 259846
614eb489b0a5f38772bab599 pz 27 31 2 45 3335 263183
614eb489b0a5f38772bab599 pz 17 47 2 22 4278 267464
614eb489b0a5f38772bab599 pz 25 45 2 33 4817 272283
614eb489b0a5f38772bab599 pz 23 44 2 31 3064 275352
614eb489b0a5f38772bab599 pz 28 22 2 41 2860 278215
614eb489b0a5f38772bab599 zol 1.08 -0.68 1 NA 3534 298296
614eb489b0a5f38772bab599 zol 0.56 0.04 1 NA 5045 303343
614eb489b0a5f38772bab599 zol 0.71 0.39 1 NA 5888 309235
614eb489b0a5f38772bab599 zol 0.84 -0.54 1 NA 2164 311405
614eb489b0a5f38772bab599 zol 0.7 -0.4 1 NA 2596 314005
614eb489b0a5f38772bab599 zol 1.21 -0.51 1 NA 3706 317717
614eb489b0a5f38772bab599 zol 0.34 0.16 1 NA 4468 322190
614eb489b0a5f38772bab599 zol 0.55 0.45 1 NA 3983 326177
614eb489b0a5f38772bab599 zol 0.17 0.63 1 NA null 334181
614eb489b0a5f38772bab599 zol 1.61 -0.61 1 NA 2324 336510
614eb489b0a5f38772bab599 zol 0.4 0 1 NA 3206 339722
614eb489b0a5f38772bab599 zol 0.45 0.75 1 NA 1950 341675
614eb489b0a5f38772bab599 zol 0.83 -0.53 1 NA 1367 343047
614eb489b0a5f38772bab599 zol 0.47 0.53 1 NA 3121 346172
614eb489b0a5f38772bab599 zol 0.85 -0.35 1 NA 2327 348501
614eb489b0a5f38772bab599 eb 56 51 1 49 2276 402952
614eb489b0a5f38772bab599 eb 28 53 1 26 4423 407383
614eb489b0a5f38772bab599 eb 64 39 1 52 3225 410611
614eb489b0a5f38772bab599 eb 42 54 1 37 2565 413179
614eb489b0a5f38772bab599 eb 38 45 1 34 3086 416267
614eb489b0a5f38772bab599 eb 46 49 1 36 1801 418071
614eb489b0a5f38772bab599 eb 55 28 1 50 4090 422166
614eb489b0a5f38772bab599 eb 45 38 1 41 2899 425067
614eb489b0a5f38772bab599 eb 52 25 1 47 3195 428265
614eb489b0a5f38772bab599 eb 26 36 1 24 3437 431704
614eb489b0a5f38772bab599 eb 34 39 1 31 3195 434902
614eb489b0a5f38772bab599 eb 39 34 1 36 3414 438320
614eb489b0a5f38772bab599 eb 45 31 1 41 2606 440929
614eb489b0a5f38772bab599 eb 57 33 1 54 3634 444566
614eb489b0a5f38772bab599 eb 48 43 1 40 2249 446820
614eb489b0a5f38772bab599 pog 320 334 2 342 3487 468884
614eb489b0a5f38772bab599 pog 344 370 2 355 3411 472298
614eb489b0a5f38772bab599 pog 340 360 2 356 2835 475131
614eb489b0a5f38772bab599 pog 337 323 2 379 1887 477020
614eb489b0a5f38772bab599 pog 282 354 2 305 4639 481661
614eb489b0a5f38772bab599 pog 313 291 2 337 4327 485989
614eb489b0a5f38772bab599 pog 295 371 2 310 3341 489333
614eb489b0a5f38772bab599 pog 346 324 2 380 2513 491847
614eb489b0a5f38772bab599 pog 298 300 2 303 3483 495332
614eb489b0a5f38772bab599 pog 333 289 2 373 4602 499936
614eb489b0a5f38772bab599 pog 344 346 2 358 1990 501928
614eb489b0a5f38772bab599 pog 332 288 2 376 5240 507170
614eb489b0a5f38772bab599 pog 305 391 2 333 5078 512250
614eb489b0a5f38772bab599 pog 348 340 2 377 2634 514886
614eb489b0a5f38772bab599 pog 331 307 2 377 3977 518865
614eb489b0a5f38772bab599 eb 51 26 2 43 3475 532408
614eb489b0a5f38772bab599 eb 32 53 2 28 4174 536589
614eb489b0a5f38772bab599 eb 46 36 2 39 2246 538837
614eb489b0a5f38772bab599 eb 26 37 2 24 3713 542553
614eb489b0a5f38772bab599 eb 43 52 2 39 3977 546536
614eb489b0a5f38772bab599 eb 28 32 2 25 2856 549397
614eb489b0a5f38772bab599 eb 35 31 2 31 2624 552026
614eb489b0a5f38772bab599 eb 61 45 2 53 3465 555494
614eb489b0a5f38772bab599 eb 37 31 2 33 4500 559998
614eb489b0a5f38772bab599 eb 60 27 2 53 2995 562996
614eb489b0a5f38772bab599 eb 31 31 2 27 3450 566450
614eb489b0a5f38772bab599 eb 31 31 2 28 1388 567841
614eb489b0a5f38772bab599 eb 41 53 2 38 4246 572090
614eb489b0a5f38772bab599 eb 58 38 2 52 3773 575868
614eb489b0a5f38772bab599 eb 27 33 2 26 3489 579360
614eb489b0a5f38772bab599 pz 49 36 1 39 2679 593503
614eb489b0a5f38772bab599 pz 73 32 1 51 3807 597313
614eb489b0a5f38772bab599 pz 76 45 1 58 2692 600008
614eb489b0a5f38772bab599 pz 31 57 1 22 4849 604858
614eb489b0a5f38772bab599 pz 51 58 1 37 4613 609474
614eb489b0a5f38772bab599 pz 58 55 1 54 2838 612314
614eb489b0a5f38772bab599 pz 54 24 1 44 3157 615474
614eb489b0a5f38772bab599 pz 49 48 1 37 2387 617863
614eb489b0a5f38772bab599 pz 30 27 1 27 2705 620570
614eb489b0a5f38772bab599 pz 59 39 1 50 2617 623189
614eb489b0a5f38772bab599 pz 34 60 1 27 4465 627657
614eb489b0a5f38772bab599 pz 25 60 1 22 5107 632769
614eb489b0a5f38772bab599 pz 68 27 1 56 3689 636461
614eb489b0a5f38772bab599 pz 36 58 1 29 4313 640776
614eb489b0a5f38772bab599 pz 31 54 1 30 4859 645637
614eb489b0a5f38772bab599 zol -0.27 -0.13 2 NA 4617 656868
614eb489b0a5f38772bab599 zol -0.87 0.27 2 NA 2626 659497
614eb489b0a5f38772bab599 zol -1.03 0.53 2 NA 2226 661726
614eb489b0a5f38772bab599 zol -0.7 -0.1 2 NA 3731 665462
614eb489b0a5f38772bab599 zol -0.99 0.19 2 NA 3742 669208
614eb489b0a5f38772bab599 zol -0.69 -0.01 2 NA 2534 671747
614eb489b0a5f38772bab599 zol -0.45 -0.75 2 NA 3944 675695
614eb489b0a5f38772bab599 zol -1.1 0.5 2 NA 2094 677792
614eb489b0a5f38772bab599 zol -0.82 -0.08 2 NA 2801 680596
614eb489b0a5f38772bab599 zol -1.1 0 2 NA 2625 683225
614eb489b0a5f38772bab599 zol -1.31 0.61 2 NA 1734 684962
614eb489b0a5f38772bab599 zol -1.11 0.21 2 NA 2260 687225
614eb489b0a5f38772bab599 zol -1.06 -0.64 2 NA 3017 690245
614eb489b0a5f38772bab599 zol -1.04 0.04 2 NA 2006 692254
614eb489b0a5f38772bab599 zol -0.98 -0.12 2 NA 2242 694499
614eb489b0a5f38772bab599 br 16 -7 2 205 4008 707280
614eb489b0a5f38772bab599 br 18 33 2 297 3569 710852
614eb489b0a5f38772bab599 br 11 -1 2 270 3935 714796
614eb489b0a5f38772bab599 br 12 -21 2 210 4010 718811
614eb489b0a5f38772bab599 br 10 6 2 263 3851 722664
614eb489b0a5f38772bab599 br 2 -14 2 283 3268 725935
614eb489b0a5f38772bab599 br 9 2 2 268 2053 727992
614eb489b0a5f38772bab599 br 14 -43 2 272 5279 733282
614eb489b0a5f38772bab599 br 16 16 2 295 1334 734618
614eb489b0a5f38772bab599 br 16 30 2 236 3213 737833
614eb489b0a5f38772bab599 br 22 28 2 236 2913 740749
614eb489b0a5f38772bab599 br 17 -38 2 211 3636 744386
614eb489b0a5f38772bab599 br 21 15 2 294 2283 746672
614eb489b0a5f38772bab599 br 25 13 2 268 4847 751521
614eb489b0a5f38772bab599 br 16 -8 2 282 2878 754401
614eb489b0a5f38772bab599 pog 163 143 1 148 2499 773067
614eb489b0a5f38772bab599 pog 142 146 1 128 3140 776209
614eb489b0a5f38772bab599 pog 180 132 1 162 3687 779899
614eb489b0a5f38772bab599 pog 163 141 1 151 2580 782481
614eb489b0a5f38772bab599 pog 151 211 1 139 4279 786761
614eb489b0a5f38772bab599 pog 157 145 1 151 4897 791660
614eb489b0a5f38772bab599 pog 156 160 1 143 1558 793221
614eb489b0a5f38772bab599 pog 180 180 1 180 1159 794384
614eb489b0a5f38772bab599 pog 150 120 1 132 7520 801909
614eb489b0a5f38772bab599 pog 197 199 1 188 1869 803780
614eb489b0a5f38772bab599 pog 170 184 1 154 2924 806706
614eb489b0a5f38772bab599 pog 148 144 1 143 3026 809735
614eb489b0a5f38772bab599 pog 210 114 1 199 null 817741
614eb489b0a5f38772bab599 pog 140 170 1 121 3000 820743
614eb489b0a5f38772bab599 pog 165 109 1 152 2396 823143
6339d15f5c1c670b3075f0fc zol 1.17 0.53 1 NA 5106 140122
6339d15f5c1c670b3075f0fc zol 0.81 -0.01 1 NA 3213 143342
6339d15f5c1c670b3075f0fc zol 1.25 -0.25 1 NA 3344 146692
6339d15f5c1c670b3075f0fc zol 1.37 0.73 1 NA 4814 151511
6339d15f5c1c670b3075f0fc zol 1.44 0.36 1 NA 4482 155998
6339d15f5c1c670b3075f0fc zol 1.79 -0.19 1 NA 4863 160868
6339d15f5c1c670b3075f0fc zol 0.95 -0.25 1 NA 2555 163429
6339d15f5c1c670b3075f0fc zol 1.38 -0.68 1 NA 2714 166150
6339d15f5c1c670b3075f0fc zol 1.43 -0.13 1 NA 4189 170344
6339d15f5c1c670b3075f0fc zol 1.49 -0.49 1 NA 3372 173723
6339d15f5c1c670b3075f0fc zol 1.07 0.23 1 NA 3777 177506
6339d15f5c1c670b3075f0fc zol 1.05 -0.25 1 NA 3022 180533
6339d15f5c1c670b3075f0fc zol 0.8 -0.1 1 NA 2464 183003
6339d15f5c1c670b3075f0fc zol 1.29 -0.29 1 NA 3290 186299
6339d15f5c1c670b3075f0fc zol 1.13 -0.33 1 NA 3026 189332
6339d15f5c1c670b3075f0fc br -26 -21 1 275 2251 219932
6339d15f5c1c670b3075f0fc br -25 -10 1 232 3635 223572
6339d15f5c1c670b3075f0fc br -26 11 1 220 7319 230894
6339d15f5c1c670b3075f0fc br -27 -37 1 231 3127 234028
6339d15f5c1c670b3075f0fc br -23 17 1 270 null 242033
6339d15f5c1c670b3075f0fc br 16 16 1 240 56 242096
6339d15f5c1c670b3075f0fc br -18 40 1 293 null 250101
6339d15f5c1c670b3075f0fc br 13 13 1 242 156 250272
6339d15f5c1c670b3075f0fc br -18 26 1 200 5378 255656
6339d15f5c1c670b3075f0fc br -19 -30 1 228 2487 258146
6339d15f5c1c670b3075f0fc br -23 15 1 266 4658 262809
6339d15f5c1c670b3075f0fc br -28 5 1 290 4543 267357
6339d15f5c1c670b3075f0fc br -24 -49 1 259 5099 272461
6339d15f5c1c670b3075f0fc br -20 28 1 212 5956 278422
6339d15f5c1c670b3075f0fc br -22 -8 1 203 2934 281359
6339d15f5c1c670b3075f0fc pz 52 29 1 49 5111 317264
6339d15f5c1c670b3075f0fc pz 35 58 1 20 5439 322709
6339d15f5c1c670b3075f0fc pz 62 38 1 50 3959 326673
6339d15f5c1c670b3075f0fc pz 60 33 1 46 3843 330515
6339d15f5c1c670b3075f0fc pz 64 24 1 43 4754 335269
6339d15f5c1c670b3075f0fc pz 39 21 1 25 3858 339131
6339d15f5c1c670b3075f0fc pz 47 23 1 26 3356 342489
6339d15f5c1c670b3075f0fc pz 32 41 1 20 3294 345789
6339d15f5c1c670b3075f0fc pz 59 59 1 34 2633 348427
6339d15f5c1c670b3075f0fc pz 94 54 1 60 4947 353377
6339d15f5c1c670b3075f0fc pz 68 53 1 39 2679 356062
6339d15f5c1c670b3075f0fc pz 60 36 1 45 3664 359732
6339d15f5c1c670b3075f0fc pz 64 36 1 49 3885 363622
6339d15f5c1c670b3075f0fc pz 61 38 1 44 3447 367073
6339d15f5c1c670b3075f0fc pz 59 24 1 43 4430 371506
6339d15f5c1c670b3075f0fc pog 370 400 2 380 3823 404682
6339d15f5c1c670b3075f0fc pog 366 392 2 371 3357 408045
6339d15f5c1c670b3075f0fc pog 349 349 2 372 1107 409156
6339d15f5c1c670b3075f0fc pog 298 348 2 310 3849 413010
6339d15f5c1c670b3075f0fc pog 362 364 2 373 1820 414835
6339d15f5c1c670b3075f0fc pog 349 363 2 364 2138 416975
6339d15f5c1c670b3075f0fc pog 295 297 2 304 1784 418765
6339d15f5c1c670b3075f0fc pog 332 292 2 368 5601 424371
6339d15f5c1c670b3075f0fc pog 347 395 2 364 4497 428872
6339d15f5c1c670b3075f0fc pog 324 284 2 359 5285 434165
6339d15f5c1c670b3075f0fc pog 313 375 2 325 4876 439045
6339d15f5c1c670b3075f0fc pog 349 371 2 355 3797 442850
6339d15f5c1c670b3075f0fc pog 315 287 2 330 4405 447259
6339d15f5c1c670b3075f0fc pog 286 326 2 302 4254 451518
6339d15f5c1c670b3075f0fc pog 298 398 2 311 7076 458599
6339d15f5c1c670b3075f0fc eb 52 33 2 40 3505 494199
6339d15f5c1c670b3075f0fc eb 45 33 2 37 2596 496800
6339d15f5c1c670b3075f0fc eb 44 44 2 37 1154 497959
6339d15f5c1c670b3075f0fc eb 54 29 2 54 4023 501990
6339d15f5c1c670b3075f0fc eb 56 35 2 50 3164 505159
6339d15f5c1c670b3075f0fc eb 59 53 2 53 2194 507361
6339d15f5c1c670b3075f0fc eb 44 25 2 31 3043 510409
6339d15f5c1c670b3075f0fc eb 46 30 2 36 2887 513301
6339d15f5c1c670b3075f0fc eb 44 52 2 32 2905 516212
6339d15f5c1c670b3075f0fc eb 60 44 2 54 2811 519026
6339d15f5c1c670b3075f0fc eb 50 54 2 44 2697 521730
6339d15f5c1c670b3075f0fc eb 39 43 2 30 2604 524339
6339d15f5c1c670b3075f0fc eb 39 39 2 30 790 525133
6339d15f5c1c670b3075f0fc eb 51 42 2 49 3222 528361
6339d15f5c1c670b3075f0fc eb 44 54 2 32 2624 530990
6339d15f5c1c670b3075f0fc br 17 -2 2 252 2970 541511
6339d15f5c1c670b3075f0fc br 24 -7 2 291 3873 545388
6339d15f5c1c670b3075f0fc br 25 37 2 214 3209 548601
6339d15f5c1c670b3075f0fc br 15 -47 2 240 6661 555266
6339d15f5c1c670b3075f0fc br 21 32 2 235 3446 558718
6339d15f5c1c670b3075f0fc br 20 -2 2 236 3372 562094
6339d15f5c1c670b3075f0fc br 22 30 2 272 2341 564442
6339d15f5c1c670b3075f0fc br 18 -40 2 273 6296 570743
6339d15f5c1c670b3075f0fc br 30 44 2 243 2543 573292
6339d15f5c1c670b3075f0fc br 20 20 2 286 2825 576122
6339d15f5c1c670b3075f0fc br 21 47 2 300 3498 579626
6339d15f5c1c670b3075f0fc br 21 9 2 268 2761 582391
6339d15f5c1c670b3075f0fc br 19 -29 2 297 6059 588456
6339d15f5c1c670b3075f0fc br 23 -24 2 239 5435 593895
6339d15f5c1c670b3075f0fc br 26 -25 2 217 6088 599989
6339d15f5c1c670b3075f0fc zol 0.98 -0.28 2 NA null 612838
6339d15f5c1c670b3075f0fc zol -0.71 0.71 2 NA 3096 615940
6339d15f5c1c670b3075f0fc zol 0.08 -0.08 2 NA null 623945
6339d15f5c1c670b3075f0fc zol -0.39 -0.61 2 NA 2644 626599
6339d15f5c1c670b3075f0fc zol -0.96 0.16 2 NA 2141 628747
6339d15f5c1c670b3075f0fc zol -0.78 -0.62 2 NA 3238 631990
6339d15f5c1c670b3075f0fc zol -1.01 0.31 2 NA 2164 634158
6339d15f5c1c670b3075f0fc zol -1.48 0.38 2 NA 3408 637572
6339d15f5c1c670b3075f0fc zol -0.8 0.2 2 NA 2610 640187
6339d15f5c1c670b3075f0fc zol -0.76 -0.14 2 NA 2719 642914
6339d15f5c1c670b3075f0fc zol -1.24 -0.06 2 NA 3562 646483
6339d15f5c1c670b3075f0fc zol -0.89 -0.71 2 NA 3349 649840
6339d15f5c1c670b3075f0fc zol -1.51 0.11 2 NA 3163 653007
6339d15f5c1c670b3075f0fc zol -1.47 0.67 2 NA 2145 655157
6339d15f5c1c670b3075f0fc zol -1.25 0.25 2 NA 2125 657288
6339d15f5c1c670b3075f0fc eb 51 38 1 47 3244 667507
6339d15f5c1c670b3075f0fc eb 55 26 1 48 3555 671069
6339d15f5c1c670b3075f0fc eb 47 41 1 34 1799 672875
6339d15f5c1c670b3075f0fc eb 48 31 1 40 2588 675468
6339d15f5c1c670b3075f0fc eb 31 35 1 24 2621 678095
6339d15f5c1c670b3075f0fc eb 43 31 1 37 2349 680450
6339d15f5c1c670b3075f0fc eb 46 25 1 42 3573 684027
6339d15f5c1c670b3075f0fc eb 44 43 1 35 1342 685375
6339d15f5c1c670b3075f0fc eb 34 39 1 24 2392 687773
6339d15f5c1c670b3075f0fc eb 58 31 1 53 4471 692248
6339d15f5c1c670b3075f0fc eb 58 44 1 49 2491 694745
6339d15f5c1c670b3075f0fc eb 53 41 1 42 2346 697096
6339d15f5c1c670b3075f0fc eb 42 30 1 32 3438 700542
6339d15f5c1c670b3075f0fc eb 46 39 1 40 1809 702356
6339d15f5c1c670b3075f0fc eb 45 49 1 37 1924 704284
6339d15f5c1c670b3075f0fc pog 203 117 1 198 5275 721072
6339d15f5c1c670b3075f0fc pog 168 116 1 162 3548 724624
6339d15f5c1c670b3075f0fc pog 196 154 1 200 3155 727782
6339d15f5c1c670b3075f0fc pog 132 102 1 135 2458 730246
6339d15f5c1c670b3075f0fc pog 177 113 1 177 4075 734325
6339d15f5c1c670b3075f0fc pog 177 195 1 167 2917 737247
6339d15f5c1c670b3075f0fc pog 177 103 1 174 4274 741526
6339d15f5c1c670b3075f0fc pog 192 194 1 194 1520 743053
6339d15f5c1c670b3075f0fc pog 174 114 1 174 3899 746957
6339d15f5c1c670b3075f0fc pog 207 207 1 200 972 747933
6339d15f5c1c670b3075f0fc pog 216 174 1 200 3138 751075
6339d15f5c1c670b3075f0fc pog 180 192 1 165 2094 753175
6339d15f5c1c670b3075f0fc pog 180 186 1 172 1937 755116
6339d15f5c1c670b3075f0fc pog 147 109 1 133 3109 758230
6339d15f5c1c670b3075f0fc pog 159 163 1 159 1734 759969
6339d15f5c1c670b3075f0fc pz 26 37 2 49 3262 768973
6339d15f5c1c670b3075f0fc pz 36 57 2 49 3116 772095
6339d15f5c1c670b3075f0fc pz 37 43 2 57 1623 773724
6339d15f5c1c670b3075f0fc pz 35 34 2 60 1868 775598
6339d15f5c1c670b3075f0fc pz 32 43 2 43 2340 777942
6339d15f5c1c670b3075f0fc pz 35 46 2 47 2190 780138
6339d15f5c1c670b3075f0fc pz 37 56 2 45 2649 782792
6339d15f5c1c670b3075f0fc pz 31 50 2 40 3744 786540
6339d15f5c1c670b3075f0fc pz 19 39 2 21 2743 789291
6339d15f5c1c670b3075f0fc pz 32 24 2 51 3229 792525
6339d15f5c1c670b3075f0fc pz 28 53 2 37 3557 796086
6339d15f5c1c670b3075f0fc pz 23 45 2 28 3530 799623
6339d15f5c1c670b3075f0fc pz 19 42 2 23 3196 802823
6339d15f5c1c670b3075f0fc pz 15 20 2 22 1682 804510
6339d15f5c1c670b3075f0fc pz 28 59 2 44 3684 808198
636149119f0c3ee5c09c95d6 eb 57 32 2 50 NA 145017
636149119f0c3ee5c09c95d6 eb 47 52 2 39 NA 148249
636149119f0c3ee5c09c95d6 eb 39 42 2 33 NA 150232
636149119f0c3ee5c09c95d6 eb 46 44 2 41 NA 152472
636149119f0c3ee5c09c95d6 eb 50 29 2 45 NA 156405
636149119f0c3ee5c09c95d6 eb 38 38 2 32 NA 158052
636149119f0c3ee5c09c95d6 eb 46 28 2 44 NA 162339
636149119f0c3ee5c09c95d6 eb 30 34 2 26 NA 165475
636149119f0c3ee5c09c95d6 eb 38 40 2 35 NA 167574
636149119f0c3ee5c09c95d6 eb 50 48 2 48 NA 169304
636149119f0c3ee5c09c95d6 eb 35 37 2 37 NA 170738
636149119f0c3ee5c09c95d6 eb 33 37 2 30 2464 173204
636149119f0c3ee5c09c95d6 eb 39 53 2 29 NA 176306
636149119f0c3ee5c09c95d6 eb 45 29 2 40 NA 179170
636149119f0c3ee5c09c95d6 eb 25 32 2 25 NA 181473
636149119f0c3ee5c09c95d6 pz 36 44 1 27 NA 209002
636149119f0c3ee5c09c95d6 pz 54 35 1 43 NA 212962
636149119f0c3ee5c09c95d6 pz 69 35 1 56 NA 218871
636149119f0c3ee5c09c95d6 pz 55 23 1 49 NA 222700
636149119f0c3ee5c09c95d6 pz 48 32 1 35 NA 225605
636149119f0c3ee5c09c95d6 pz 76 53 1 55 5164 230772
636149119f0c3ee5c09c95d6 pz 46 46 1 37 NA 232624
636149119f0c3ee5c09c95d6 pz 29 27 1 22 2493 235118
636149119f0c3ee5c09c95d6 pz 60 33 1 43 NA 238263
636149119f0c3ee5c09c95d6 pz 43 47 1 31 NA 240557
636149119f0c3ee5c09c95d6 pz 62 26 1 54 NA 246630
636149119f0c3ee5c09c95d6 pz 57 35 1 43 NA 250004
636149119f0c3ee5c09c95d6 pz 47 41 1 36 NA 252120
636149119f0c3ee5c09c95d6 pz 69 31 1 51 3478 255601
636149119f0c3ee5c09c95d6 pz 33 55 1 26 NA 258949
636149119f0c3ee5c09c95d6 pog 320 334 2 336 NA 281596
636149119f0c3ee5c09c95d6 pog 294 324 2 310 NA 287425
636149119f0c3ee5c09c95d6 pog 293 333 2 319 NA 292143
636149119f0c3ee5c09c95d6 pog 347 381 2 369 NA 295767
636149119f0c3ee5c09c95d6 pog 324 308 2 349 NA 300310
636149119f0c3ee5c09c95d6 pog 293 299 2 318 NA 302362
636149119f0c3ee5c09c95d6 pog 294 370 2 306 NA 305872
636149119f0c3ee5c09c95d6 pog 340 354 2 355 NA 308465
636149119f0c3ee5c09c95d6 pog 295 361 2 313 5805 314271
636149119f0c3ee5c09c95d6 pog 305 373 2 319 NA 319334
636149119f0c3ee5c09c95d6 pog 296 310 2 313 2597 321934
636149119f0c3ee5c09c95d6 pog 280 292 2 302 NA 324132
636149119f0c3ee5c09c95d6 pog 305 305 2 331 NA 326048
636149119f0c3ee5c09c95d6 pog 302 352 2 326 NA 330768
636149119f0c3ee5c09c95d6 pog 305 355 2 320 NA 334189
636149119f0c3ee5c09c95d6 zol 0.58 0.62 1 NA NA 372864
636149119f0c3ee5c09c95d6 zol 0.81 0.29 1 NA NA 377981
636149119f0c3ee5c09c95d6 zol 0.72 0.48 1 NA 3758 381740
636149119f0c3ee5c09c95d6 zol 1.02 -0.32 1 NA NA 384510
636149119f0c3ee5c09c95d6 zol 1.29 -0.59 1 NA NA 388185
636149119f0c3ee5c09c95d6 zol 0.99 0.51 1 NA NA 394478
636149119f0c3ee5c09c95d6 zol 1.35 -0.35 1 NA NA 401997
636149119f0c3ee5c09c95d6 zol 1.48 -0.38 1 NA NA 409398
636149119f0c3ee5c09c95d6 zol 0.67 0.13 1 NA NA 415091
636149119f0c3ee5c09c95d6 zol 0.69 -0.19 1 NA NA 417854
636149119f0c3ee5c09c95d6 zol 0.82 -0.62 1 NA NA 420674
636149119f0c3ee5c09c95d6 zol 1.09 0.11 1 NA NA 425341
636149119f0c3ee5c09c95d6 zol 0.22 0.58 1 NA 4238 429585
636149119f0c3ee5c09c95d6 zol 1.19 -0.19 1 NA 3344 432931
636149119f0c3ee5c09c95d6 zol 0.38 0.72 1 NA 3411 436346
636149119f0c3ee5c09c95d6 br 20 38 2 244 NA 458427
636149119f0c3ee5c09c95d6 br 19 -9 2 228 4591 463020
636149119f0c3ee5c09c95d6 br 22 20 2 300 NA 464878
636149119f0c3ee5c09c95d6 br 20 -33 2 223 NA 468411
636149119f0c3ee5c09c95d6 br 20 -12 2 284 3489 471901
636149119f0c3ee5c09c95d6 br 21 39 2 238 NA 475339
636149119f0c3ee5c09c95d6 br 16 -44 2 252 NA 481082
636149119f0c3ee5c09c95d6 br 16 -35 2 225 NA 486709
636149119f0c3ee5c09c95d6 br 19 34 2 267 NA 490302
636149119f0c3ee5c09c95d6 br 24 11 2 288 NA 492333
636149119f0c3ee5c09c95d6 br 21 18 2 273 NA 493611
636149119f0c3ee5c09c95d6 br 20 35 2 282 3437 497051
636149119f0c3ee5c09c95d6 br 16 -3 2 203 NA 501788
636149119f0c3ee5c09c95d6 br 16 -30 2 211 NA 506471
636149119f0c3ee5c09c95d6 br 24 42 2 286 NA 510076
636149119f0c3ee5c09c95d6 br -18 -36 1 202 NA 519818
636149119f0c3ee5c09c95d6 br -13 50 1 272 NA 524077
636149119f0c3ee5c09c95d6 br -24 -24 1 269 NA 525684
636149119f0c3ee5c09c95d6 br -28 -47 1 288 NA 528799
636149119f0c3ee5c09c95d6 br -12 47 1 226 NA 533278
636149119f0c3ee5c09c95d6 br -21 -36 1 272 NA 535682
636149119f0c3ee5c09c95d6 br -13 11 1 287 NA 539588
636149119f0c3ee5c09c95d6 br -17 42 1 267 NA 544808
636149119f0c3ee5c09c95d6 br -16 -47 1 236 NA 547551
636149119f0c3ee5c09c95d6 br -16 -16 1 243 NA 549157
636149119f0c3ee5c09c95d6 br -18 47 1 235 3783 552941
636149119f0c3ee5c09c95d6 br -20 -45 1 257 NA 555578
636149119f0c3ee5c09c95d6 br -14 17 1 243 NA 558607
636149119f0c3ee5c09c95d6 br -22 -31 1 234 NA 560600
636149119f0c3ee5c09c95d6 br -19 -19 1 244 NA 561904
636149119f0c3ee5c09c95d6 pog 136 166 1 120 5153 582482
636149119f0c3ee5c09c95d6 pog 152 132 1 142 NA 585703
636149119f0c3ee5c09c95d6 pog 130 116 1 127 NA 587990
636149119f0c3ee5c09c95d6 pog 138 170 1 129 NA 591971
636149119f0c3ee5c09c95d6 pog 194 108 1 192 NA 597420
636149119f0c3ee5c09c95d6 pog 154 102 1 146 NA 601171
636149119f0c3ee5c09c95d6 pog 164 120 1 149 NA 603660
636149119f0c3ee5c09c95d6 pog 160 216 1 147 NA 606560
636149119f0c3ee5c09c95d6 pog 195 197 1 182 NA 607763
636149119f0c3ee5c09c95d6 pog 152 132 1 155 NA 609896
636149119f0c3ee5c09c95d6 pog 165 133 1 167 NA 611963
636149119f0c3ee5c09c95d6 pog 166 194 1 152 NA 614634
636149119f0c3ee5c09c95d6 pog 147 141 1 147 NA 616474
636149119f0c3ee5c09c95d6 pog 193 193 1 183 NA 617594
636149119f0c3ee5c09c95d6 pog 208 110 1 196 NA 621309
636149119f0c3ee5c09c95d6 eb 51 51 1 41 NA 629599
636149119f0c3ee5c09c95d6 eb 40 33 1 38 NA 632119
636149119f0c3ee5c09c95d6 eb 55 48 1 52 NA 634871
636149119f0c3ee5c09c95d6 eb 52 54 1 49 NA 636542
636149119f0c3ee5c09c95d6 eb 49 35 1 50 NA 640277
636149119f0c3ee5c09c95d6 eb 32 48 1 30 NA 643189
636149119f0c3ee5c09c95d6 eb 33 31 1 26 1558 644749
636149119f0c3ee5c09c95d6 eb 47 31 1 41 NA 647723
636149119f0c3ee5c09c95d6 eb 46 44 1 37 NA 649210
636149119f0c3ee5c09c95d6 eb 46 47 1 38 NA 650505
636149119f0c3ee5c09c95d6 eb 56 48 1 50 NA 653326
636149119f0c3ee5c09c95d6 eb 53 48 1 52 NA 655365
636149119f0c3ee5c09c95d6 eb 33 30 1 31 NA 657778
636149119f0c3ee5c09c95d6 eb 41 41 1 32 NA 658968
636149119f0c3ee5c09c95d6 eb 62 41 1 54 NA 662704
636149119f0c3ee5c09c95d6 zol -0.6 0 2 NA NA 675948
636149119f0c3ee5c09c95d6 zol -0.77 -0.33 2 NA NA 683220
636149119f0c3ee5c09c95d6 zol -1.11 0.01 2 NA NA 689673
636149119f0c3ee5c09c95d6 zol -1.09 0.39 2 NA NA 695520
636149119f0c3ee5c09c95d6 zol -1.15 0.45 2 NA NA 699675
636149119f0c3ee5c09c95d6 zol -0.97 0.67 2 NA 2879 702557
636149119f0c3ee5c09c95d6 zol -0.65 0.45 2 NA 4897 707456
636149119f0c3ee5c09c95d6 zol -0.6 -0.1 2 NA 3780 711238
636149119f0c3ee5c09c95d6 zol -1.07 0.57 2 NA NA 713526
636149119f0c3ee5c09c95d6 zol -0.76 0.16 2 NA NA 716606
636149119f0c3ee5c09c95d6 zol -1.2 0.1 2 NA NA 720503
636149119f0c3ee5c09c95d6 zol -1.03 0.23 2 NA NA 724823
636149119f0c3ee5c09c95d6 zol -0.7 0.3 2 NA NA 726732
636149119f0c3ee5c09c95d6 zol -0.0600000000000001 -0.44 2 NA NA 728772
636149119f0c3ee5c09c95d6 zol -1 0 2 NA NA 733868
636149119f0c3ee5c09c95d6 pz 60 53 2 51 NA 744860
636149119f0c3ee5c09c95d6 pz 63 58 2 30 5115 749976
636149119f0c3ee5c09c95d6 pz 23 50 2 30 NA 754145
636149119f0c3ee5c09c95d6 pz 21 32 2 22 NA 756556
636149119f0c3ee5c09c95d6 pz 23 21 2 28 NA 758300
636149119f0c3ee5c09c95d6 pz 25 59 2 36 NA 762528
636149119f0c3ee5c09c95d6 pz 26 34 2 33 NA 764642
636149119f0c3ee5c09c95d6 pz 46 51 2 54 NA 766957
636149119f0c3ee5c09c95d6 pz 23 28 2 25 NA 769922
636149119f0c3ee5c09c95d6 pz 24 42 2 28 NA 773847
636149119f0c3ee5c09c95d6 pz 23 55 2 29 NA 777586
636149119f0c3ee5c09c95d6 pz 52 52 2 58 NA 779071
636149119f0c3ee5c09c95d6 pz 45 43 2 59 NA 781458
636149119f0c3ee5c09c95d6 pz 40 45 2 45 NA 783850
636149119f0c3ee5c09c95d6 pz 16 51 2 20 NA 788262
63c1ee13dd800772500c9ea3 pog 322 388 2 341 null 492249
63c1ee13dd800772500c9ea3 pog 311 359 2 337 null 500257
63c1ee13dd800772500c9ea3 pog 340 372 2 357 null 508266
63c1ee13dd800772500c9ea3 pog 325 305 2 338 7068 515336
63c1ee13dd800772500c9ea3 pog 353 341 2 363 null 523345
63c1ee13dd800772500c9ea3 pog 330 378 2 343 null 531347
63c1ee13dd800772500c9ea3 pog 324 364 2 333 null 539353
63c1ee13dd800772500c9ea3 pog 328 328 2 337 5680 545034
63c1ee13dd800772500c9ea3 pog 370 338 2 372 7039 552074
63c1ee13dd800772500c9ea3 pog 355 379 2 357 null 560080
63c1ee13dd800772500c9ea3 pog 357 395 2 359 null 568082
63c1ee13dd800772500c9ea3 pog 297 375 2 310 null 576090
63c1ee13dd800772500c9ea3 pog 304 366 2 306 null 584097
63c1ee13dd800772500c9ea3 pog 333 289 2 340 null 592104
63c1ee13dd800772500c9ea3 pog 308 376 2 311 null 600113
63c1ee13dd800772500c9ea3 zol 0.43 0.47 1 NA null 739426
63c1ee13dd800772500c9ea3 zol 0.66 -0.66 1 NA null 747432
63c1ee13dd800772500c9ea3 zol 0.58 -0.18 1 NA null 755439
63c1ee13dd800772500c9ea3 zol 0.6 -0.4 1 NA null 763443
63c1ee13dd800772500c9ea3 zol 0.38 -0.58 1 NA null 771447
63c1ee13dd800772500c9ea3 zol 0.33 -0.03 1 NA null 779456
63c1ee13dd800772500c9ea3 zol 0.66 -0.56 1 NA 7558 787020
63c1ee13dd800772500c9ea3 zol 0.46 0.44 1 NA 7212 794234
63c1ee13dd800772500c9ea3 zol 0.49 -0.69 1 NA null 802239
63c1ee13dd800772500c9ea3 zol 0.91 0.09 1 NA null 810247
63c1ee13dd800772500c9ea3 zol 0.77 -0.37 1 NA null 818254
63c1ee13dd800772500c9ea3 zol 0.44 -0.64 1 NA null 826259
63c1ee13dd800772500c9ea3 zol 0.62 -0.12 1 NA 7026 833290
63c1ee13dd800772500c9ea3 zol 0.11 0.49 1 NA null 841295
63c1ee13dd800772500c9ea3 zol 0.63 0.27 1 NA null 849302
63c1ee13dd800772500c9ea3 pz 55 23 1 48 null 1052733
63c1ee13dd800772500c9ea3 pz 31 39 1 22 null 1060735
63c1ee13dd800772500c9ea3 pz 38 36 1 32 null 1068741
63c1ee13dd800772500c9ea3 pz 39 26 1 32 null 1076748
63c1ee13dd800772500c9ea3 pz 40 23 1 30 null 1084753
63c1ee13dd800772500c9ea3 pz 58 44 1 48 null 1092757
63c1ee13dd800772500c9ea3 pz 42 29 1 33 null 1100769
63c1ee13dd800772500c9ea3 pz 52 53 1 36 null 1108782
63c1ee13dd800772500c9ea3 pz 40 35 1 29 null 1116790
63c1ee13dd800772500c9ea3 pz 60 35 1 51 null 1124797
63c1ee13dd800772500c9ea3 pz 35 48 1 26 null 1132808
63c1ee13dd800772500c9ea3 pz 71 23 1 59 null 1140812
63c1ee13dd800772500c9ea3 pz 79 28 1 60 null 1148815
63c1ee13dd800772500c9ea3 pz 67 39 1 49 null 1156818
63c1ee13dd800772500c9ea3 pz 71 40 1 58 null 1164828
63c1ee13dd800772500c9ea3 eb 56 38 2 51 null 1298724
63c1ee13dd800772500c9ea3 eb 29 37 2 24 null 1306729
63c1ee13dd800772500c9ea3 eb 51 29 2 46 null 1314732
63c1ee13dd800772500c9ea3 eb 55 42 2 49 7391 1322125
63c1ee13dd800772500c9ea3 eb 43 51 2 35 7457 1329583
63c1ee13dd800772500c9ea3 eb 53 34 2 48 null 1337588
63c1ee13dd800772500c9ea3 eb 61 28 2 54 null 1345595
63c1ee13dd800772500c9ea3 eb 40 26 2 33 null 1353597
63c1ee13dd800772500c9ea3 eb 40 35 2 33 7616 1361215
63c1ee13dd800772500c9ea3 eb 43 28 2 35 null 1369220
63c1ee13dd800772500c9ea3 eb 42 34 2 36 7274 1376496
63c1ee13dd800772500c9ea3 eb 42 46 2 36 5502 1382000
63c1ee13dd800772500c9ea3 eb 44 35 2 37 null 1390003
63c1ee13dd800772500c9ea3 eb 28 34 2 24 null 1398011
63c1ee13dd800772500c9ea3 eb 51 47 2 45 null 1406015
63c1ee13dd800772500c9ea3 br -6 18 1 215 null 1604507
63c1ee13dd800772500c9ea3 br -9 0 1 233 null 1612515
63c1ee13dd800772500c9ea3 br -19 -43 1 239 null 1620524
63c1ee13dd800772500c9ea3 br -14 -11 1 230 null 1628531
63c1ee13dd800772500c9ea3 br -13 13 1 264 null 1636539
63c1ee13dd800772500c9ea3 br -8 41 1 218 null 1644541
63c1ee13dd800772500c9ea3 br -15 -7 1 281 null 1652548
63c1ee13dd800772500c9ea3 br -16 -37 1 300 null 1660555
63c1ee13dd800772500c9ea3 br -18 -31 1 227 null 1668559
63c1ee13dd800772500c9ea3 br -15 38 1 210 null 1676563
63c1ee13dd800772500c9ea3 br -11 -44 1 227 null 1684571
63c1ee13dd800772500c9ea3 br -10 3 1 218 null 1692573
63c1ee13dd800772500c9ea3 br -14 39 1 271 null 1700579
63c1ee13dd800772500c9ea3 br -9 48 1 297 null 1708588
63c1ee13dd800772500c9ea3 br -10 17 1 276 null 1716590
63c1ee13dd800772500c9ea3 br 14 -18 2 239 null 1788579
63c1ee13dd800772500c9ea3 br 19 18 2 204 null 1796588
63c1ee13dd800772500c9ea3 br 16 -23 2 280 null 1804590
63c1ee13dd800772500c9ea3 br 15 -48 2 207 null 1812595
63c1ee13dd800772500c9ea3 br 16 -20 2 228 null 1820602
63c1ee13dd800772500c9ea3 br 17 -43 2 256 null 1828605
63c1ee13dd800772500c9ea3 br 17 0 2 227 null 1836612
63c1ee13dd800772500c9ea3 br 20 15 2 224 null 1844618
63c1ee13dd800772500c9ea3 br 17 -24 2 238 null 1852621
63c1ee13dd800772500c9ea3 br 20 37 2 210 null 1860626
63c1ee13dd800772500c9ea3 br 19 9 2 276 null 1868635
63c1ee13dd800772500c9ea3 br 18 -47 2 292 null 1876643
63c1ee13dd800772500c9ea3 br 17 42 2 274 null 1884650
63c1ee13dd800772500c9ea3 br 19 27 2 292 null 1892654
63c1ee13dd800772500c9ea3 br 14 45 2 252 null 1900658
63c1ee13dd800772500c9ea3 pog 132 136 1 128 null 2021885
63c1ee13dd800772500c9ea3 pog 185 201 1 182 null 2029887
63c1ee13dd800772500c9ea3 pog 131 161 1 122 null 2037890
63c1ee13dd800772500c9ea3 pog 145 183 1 147 null 2045899
63c1ee13dd800772500c9ea3 pog 173 199 1 171 null 2053901
63c1ee13dd800772500c9ea3 pog 139 191 1 140 null 2061903
63c1ee13dd800772500c9ea3 pog 175 201 1 176 null 2069907
63c1ee13dd800772500c9ea3 pog 197 215 1 195 null 2077914
63c1ee13dd800772500c9ea3 pog 125 109 1 121 null 2085918
63c1ee13dd800772500c9ea3 pog 213 191 1 198 null 2093923
63c1ee13dd800772500c9ea3 pog 183 153 1 174 null 2101931
63c1ee13dd800772500c9ea3 pog 186 130 1 166 null 2109934
63c1ee13dd800772500c9ea3 pog 184 136 1 181 null 2117936
63c1ee13dd800772500c9ea3 pog 162 172 1 160 null 2125938
63c1ee13dd800772500c9ea3 pog 151 169 1 147 null 2133947
63c1ee13dd800772500c9ea3 pz 29 43 2 38 null 2213833
63c1ee13dd800772500c9ea3 pz 21 23 2 27 null 2221844
63c1ee13dd800772500c9ea3 pz 36 47 2 55 null 2229849
63c1ee13dd800772500c9ea3 pz 17 23 2 23 null 2237858
63c1ee13dd800772500c9ea3 pz 29 21 2 40 null 2245866
63c1ee13dd800772500c9ea3 pz 27 34 2 35 null 2253875
63c1ee13dd800772500c9ea3 pz 34 32 2 47 null 2261882
63c1ee13dd800772500c9ea3 pz 42 28 2 55 null 2269883
63c1ee13dd800772500c9ea3 pz 27 53 2 29 null 2277891
63c1ee13dd800772500c9ea3 pz 29 57 2 37 null 2285898
63c1ee13dd800772500c9ea3 pz 47 42 2 57 null 2293900
63c1ee13dd800772500c9ea3 pz 44 57 2 54 null 2301907
63c1ee13dd800772500c9ea3 pz 23 59 2 30 null 2309914
63c1ee13dd800772500c9ea3 pz 40 47 2 50 null 2317923
63c1ee13dd800772500c9ea3 pz 43 56 2 56 null 2325931
63c1ee13dd800772500c9ea3 zol -0.36 -0.14 2 NA null 2407513
63c1ee13dd800772500c9ea3 zol -0.33 0.13 2 NA null 2415523
63c1ee13dd800772500c9ea3 zol -0.79 -0.11 2 NA null 2423529
63c1ee13dd800772500c9ea3 zol -0.43 -0.57 2 NA null 2431531
63c1ee13dd800772500c9ea3 zol -0.47 0.37 2 NA null 2439539
63c1ee13dd800772500c9ea3 zol -0.59 -0.61 2 NA null 2447546
63c1ee13dd800772500c9ea3 zol -0.76 -0.34 2 NA null 2455555
63c1ee13dd800772500c9ea3 zol -0.2 0.3 2 NA null 2463552
63c1ee13dd800772500c9ea3 zol -0.7 0.2 2 NA null 2471553
63c1ee13dd800772500c9ea3 zol -0.76 -0.24 2 NA null 2479557
63c1ee13dd800772500c9ea3 zol -0.56 -0.64 2 NA null 2487562
63c1ee13dd800772500c9ea3 zol -0.7 -0.1 2 NA null 2495569
63c1ee13dd800772500c9ea3 zol -0.43 -0.57 2 NA null 2503576
63c1ee13dd800772500c9ea3 zol -0.69 -0.71 2 NA null 2511584
63c1ee13dd800772500c9ea3 zol -0.67 0.57 2 NA null 2519592
63c1ee13dd800772500c9ea3 eb 55 32 1 49 null 2564918
63c1ee13dd800772500c9ea3 eb 44 53 1 35 null 2572926
63c1ee13dd800772500c9ea3 eb 49 43 1 41 null 2580932
63c1ee13dd800772500c9ea3 eb 31 46 1 25 null 2588935
63c1ee13dd800772500c9ea3 eb 44 44 1 35 null 2596942
63c1ee13dd800772500c9ea3 eb 47 34 1 40 null 2604949
63c1ee13dd800772500c9ea3 eb 33 47 1 24 null 2612951
63c1ee13dd800772500c9ea3 eb 33 29 1 24 null 2620958
63c1ee13dd800772500c9ea3 eb 57 24 1 51 null 2628963
63c1ee13dd800772500c9ea3 eb 62 35 1 54 null 2636965
63c1ee13dd800772500c9ea3 eb 36 34 1 27 null 2644975
63c1ee13dd800772500c9ea3 eb 58 40 1 48 null 2652981
63c1ee13dd800772500c9ea3 eb 52 53 1 45 null 2660990
63c1ee13dd800772500c9ea3 eb 49 47 1 40 null 2668995
63c1ee13dd800772500c9ea3 eb 34 42 1 26 null 2676997
63d0272f5a38c78b4d6fa5e2 eb 51 47 2 45 4795 197383
63d0272f5a38c78b4d6fa5e2 eb 45 43 2 39 7171 204561
63d0272f5a38c78b4d6fa5e2 eb 34 38 2 30 3681 208264
63d0272f5a38c78b4d6fa5e2 eb 57 32 2 52 6191 214471
63d0272f5a38c78b4d6fa5e2 eb 62 25 2 54 null 222481
63d0272f5a38c78b4d6fa5e2 eb 41 41 2 54 13 222519
63d0272f5a38c78b4d6fa5e2 eb 43 40 2 40 2853 225377
63d0272f5a38c78b4d6fa5e2 eb 29 40 2 25 5010 230402
63d0272f5a38c78b4d6fa5e2 eb 52 40 2 44 7031 237445
63d0272f5a38c78b4d6fa5e2 eb 55 29 2 51 7359 244832
63d0272f5a38c78b4d6fa5e2 eb 39 48 2 34 5942 250793
63d0272f5a38c78b4d6fa5e2 eb 47 32 2 40 6662 257469
63d0272f5a38c78b4d6fa5e2 eb 46 39 2 38 4754 262237
63d0272f5a38c78b4d6fa5e2 eb 59 40 2 52 4554 266805
63d0272f5a38c78b4d6fa5e2 eb 61 44 2 54 3861 270677
63d0272f5a38c78b4d6fa5e2 zol 1.58 -0.08 1 NA null 305334
63d0272f5a38c78b4d6fa5e2 zol 0.62 -0.42 1 NA 1439 306782
63d0272f5a38c78b4d6fa5e2 zol -0.24 0.44 1 NA 2530 309325
63d0272f5a38c78b4d6fa5e2 zol 0.62 -0.62 1 NA 911 310248
63d0272f5a38c78b4d6fa5e2 zol 0.24 -0.24 1 NA 491 310748
63d0272f5a38c78b4d6fa5e2 zol 0.19 -0.19 1 NA 748 311507
63d0272f5a38c78b4d6fa5e2 zol -0.48 0.48 1 NA 522 312039
63d0272f5a38c78b4d6fa5e2 zol -0.51 0.51 1 NA 203 312251
63d0272f5a38c78b4d6fa5e2 zol 0.08 -0.08 1 NA 211 312468
63d0272f5a38c78b4d6fa5e2 zol -0.37 0.37 1 NA 163 312638
63d0272f5a38c78b4d6fa5e2 zol 0.57 -0.57 1 NA 174 312821
63d0272f5a38c78b4d6fa5e2 zol -2.55 -0.05 1 NA 2986 315820
63d0272f5a38c78b4d6fa5e2 zol -11.11 -0.19 1 NA 5723 321553
63d0272f5a38c78b4d6fa5e2 zol 4.13 -0.03 1 NA null 329558
63d0272f5a38c78b4d6fa5e2 zol -3.63 -0.47 1 NA null 337564
63d0272f5a38c78b4d6fa5e2 pog 290 352 2 315 5176 377558
63d0272f5a38c78b4d6fa5e2 pog 279 319 2 300 4461 382033
63d0272f5a38c78b4d6fa5e2 pog 284 322 2 305 5629 387690
63d0272f5a38c78b4d6fa5e2 pog 362 396 2 377 4582 392291
63d0272f5a38c78b4d6fa5e2 pog 327 381 2 355 5531 397842
63d0272f5a38c78b4d6fa5e2 pog 333 385 2 372 4052 401907
63d0272f5a38c78b4d6fa5e2 pog 320 398 2 337 7789 409717
63d0272f5a38c78b4d6fa5e2 pog 298 292 2 335 3404 413135
63d0272f5a38c78b4d6fa5e2 pog 338 388 2 369 4290 417435
63d0272f5a38c78b4d6fa5e2 pog 279 359 2 314 4134 421576
63d0272f5a38c78b4d6fa5e2 pog 322 332 2 356 2018 423606
63d0272f5a38c78b4d6fa5e2 pog 299 299 2 342 1837 425457
63d0272f5a38c78b4d6fa5e2 pog 313 297 2 373 4814 430287
63d0272f5a38c78b4d6fa5e2 pog 306 388 2 345 4728 435036
63d0272f5a38c78b4d6fa5e2 pog 296 378 2 333 4320 439363
63d0272f5a38c78b4d6fa5e2 pz 100 20 1 46 null 490817
63d0272f5a38c78b4d6fa5e2 pz 38 36 1 34 277 491103
63d0272f5a38c78b4d6fa5e2 pz 86 33 1 37 3780 494890
63d0272f5a38c78b4d6fa5e2 pz 52 32 1 28 2517 497417
63d0272f5a38c78b4d6fa5e2 pz 82 43 1 35 3171 500597
63d0272f5a38c78b4d6fa5e2 pz 116 27 1 57 5472 506083
63d0272f5a38c78b4d6fa5e2 pz 82 59 1 45 2703 508799
63d0272f5a38c78b4d6fa5e2 pz 110 33 1 57 4346 513153
63d0272f5a38c78b4d6fa5e2 pz 69 38 1 26 2695 515857
63d0272f5a38c78b4d6fa5e2 pz 59 33 1 26 2738 518609
63d0272f5a38c78b4d6fa5e2 pz 145 45 1 56 5101 523724
63d0272f5a38c78b4d6fa5e2 pz 73 56 1 30 2394 526133
63d0272f5a38c78b4d6fa5e2 pz 150 49 1 55 5135 531281
63d0272f5a38c78b4d6fa5e2 pz 74 30 1 25 3248 534547
63d0272f5a38c78b4d6fa5e2 pz 58 57 1 23 1634 536192
63d0272f5a38c78b4d6fa5e2 br -20 31 1 296 4082 562023
63d0272f5a38c78b4d6fa5e2 br -20 -36 1 216 3852 565885
63d0272f5a38c78b4d6fa5e2 br -14 40 1 267 5019 570917
63d0272f5a38c78b4d6fa5e2 br -25 -1 1 230 2705 573633
63d0272f5a38c78b4d6fa5e2 br -17 15 1 238 4311 577954
63d0272f5a38c78b4d6fa5e2 br -27 -7 1 232 2631 580600
63d0272f5a38c78b4d6fa5e2 br -11 22 1 236 2960 583570
63d0272f5a38c78b4d6fa5e2 br -19 12 1 295 2837 586416
63d0272f5a38c78b4d6fa5e2 br -15 21 1 273 4739 591163
63d0272f5a38c78b4d6fa5e2 br -27 8 1 267 4695 595874
63d0272f5a38c78b4d6fa5e2 br -16 6 1 244 3187 599072
63d0272f5a38c78b4d6fa5e2 br -17 48 1 288 5283 604371
63d0272f5a38c78b4d6fa5e2 br -24 44 1 298 6561 610947
63d0272f5a38c78b4d6fa5e2 br -21 -13 1 237 2632 613596
63d0272f5a38c78b4d6fa5e2 br -14 44 1 297 5206 618820
63d0272f5a38c78b4d6fa5e2 pz 107 58 2 29 null 634778
63d0272f5a38c78b4d6fa5e2 pz 14 29 2 26 3226 638026
63d0272f5a38c78b4d6fa5e2 pz 23 38 2 55 5532 643570
63d0272f5a38c78b4d6fa5e2 pz 20 48 2 57 5080 648668
63d0272f5a38c78b4d6fa5e2 pz 27 60 2 57 3585 652274
63d0272f5a38c78b4d6fa5e2 pz 11 25 2 20 3637 655923
63d0272f5a38c78b4d6fa5e2 pz 20 26 2 45 2471 658403
63d0272f5a38c78b4d6fa5e2 pz 15 58 2 39 3424 661832
63d0272f5a38c78b4d6fa5e2 pz 19 31 2 49 2238 664080
63d0272f5a38c78b4d6fa5e2 pz 9 26 2 22 2468 666559
63d0272f5a38c78b4d6fa5e2 pz 25 55 2 57 3705 670284
63d0272f5a38c78b4d6fa5e2 pz 26 57 2 41 3614 673917
63d0272f5a38c78b4d6fa5e2 pz 26 26 2 56 553 674484
63d0272f5a38c78b4d6fa5e2 pz 20 56 2 34 4524 679017
63d0272f5a38c78b4d6fa5e2 pz 24 39 2 45 2364 681402
63d0272f5a38c78b4d6fa5e2 zol -2.04 -0.36 2 NA null 702933
63d0272f5a38c78b4d6fa5e2 zol -4.49 -0.51 2 NA 6956 709910
63d0272f5a38c78b4d6fa5e2 zol -0.38 0.38 2 NA 139 710069
63d0272f5a38c78b4d6fa5e2 zol -3.81 0.11 2 NA 5556 715631
63d0272f5a38c78b4d6fa5e2 zol -3.65 0.55 2 NA 4187 719834
63d0272f5a38c78b4d6fa5e2 zol -7.95999999999999 -0.64 2 NA null 727841
63d0272f5a38c78b4d6fa5e2 zol 4.39 -0.19 2 NA 4002 731851
63d0272f5a38c78b4d6fa5e2 zol -2.93 0.73 2 NA 3105 734968
63d0272f5a38c78b4d6fa5e2 zol -2.78 -0.02 2 NA 4060 739040
63d0272f5a38c78b4d6fa5e2 zol -2.15 -0.35 2 NA 4010 743063
63d0272f5a38c78b4d6fa5e2 zol -3.53 -0.37 2 NA 5118 748189
63d0272f5a38c78b4d6fa5e2 zol -3.99 0.09 2 NA 4126 752324
63d0272f5a38c78b4d6fa5e2 zol -4.53 -0.67 2 NA 4194 756534
63d0272f5a38c78b4d6fa5e2 zol -13.46 0.16 2 NA 7968 764518
63d0272f5a38c78b4d6fa5e2 zol -3.26 0.66 2 NA 2825 767368
63d0272f5a38c78b4d6fa5e2 pog 211 137 1 170 4628 792568
63d0272f5a38c78b4d6fa5e2 pog 219 105 1 178 4428 797006
63d0272f5a38c78b4d6fa5e2 pog 182 116 1 148 5211 802231
63d0272f5a38c78b4d6fa5e2 pog 231 131 1 187 6291 808532
63d0272f5a38c78b4d6fa5e2 pog 183 195 1 139 2922 811471
63d0272f5a38c78b4d6fa5e2 pog 229 177 1 184 4006 815488
63d0272f5a38c78b4d6fa5e2 pog 208 180 1 175 4350 819849
63d0272f5a38c78b4d6fa5e2 pog 198 110 1 162 3812 823671
63d0272f5a38c78b4d6fa5e2 pog 201 213 1 174 3062 826750
63d0272f5a38c78b4d6fa5e2 pog 192 118 1 149 3129 829891
63d0272f5a38c78b4d6fa5e2 pog 232 176 1 183 2980 832882
63d0272f5a38c78b4d6fa5e2 pog 173 141 1 137 2723 835613
63d0272f5a38c78b4d6fa5e2 pog 190 140 1 139 2624 838243
63d0272f5a38c78b4d6fa5e2 pog 228 148 1 184 3133 841395
63d0272f5a38c78b4d6fa5e2 pog 240 150 1 196 3218 844621
63d0272f5a38c78b4d6fa5e2 br 32 30 2 225 3212 862635
63d0272f5a38c78b4d6fa5e2 br 32 19 2 271 3098 865745
63d0272f5a38c78b4d6fa5e2 br 31 1 2 241 4033 869787
63d0272f5a38c78b4d6fa5e2 br 31 -41 2 264 6188 875991
63d0272f5a38c78b4d6fa5e2 br 39 19 2 212 2374 878385
63d0272f5a38c78b4d6fa5e2 br 30 -41 2 293 4178 882574
63d0272f5a38c78b4d6fa5e2 br 31 -34 2 268 3900 886486
63d0272f5a38c78b4d6fa5e2 br 33 -4 2 219 3043 889540
63d0272f5a38c78b4d6fa5e2 br 37 13 2 240 5686 895242
63d0272f5a38c78b4d6fa5e2 br 36 24 2 256 2642 897899
63d0272f5a38c78b4d6fa5e2 br 23 -44 2 267 4296 902205
63d0272f5a38c78b4d6fa5e2 br 26 2 2 267 2444 904654
63d0272f5a38c78b4d6fa5e2 br 1 -13 2 244 1941 906605
63d0272f5a38c78b4d6fa5e2 br 28 -8 2 242 3204 909819
63d0272f5a38c78b4d6fa5e2 br 32 31 2 211 1540 911369
63d0272f5a38c78b4d6fa5e2 eb 56 45 1 48 4958 925495
63d0272f5a38c78b4d6fa5e2 eb 28 27 1 41 1920 927427
63d0272f5a38c78b4d6fa5e2 eb 63 32 1 54 4819 932261
63d0272f5a38c78b4d6fa5e2 eb 28 32 1 25 3551 935823
63d0272f5a38c78b4d6fa5e2 eb 41 46 1 34 2704 938539
63d0272f5a38c78b4d6fa5e2 eb 53 33 1 47 3993 942542
63d0272f5a38c78b4d6fa5e2 eb 51 36 1 49 4959 947516
63d0272f5a38c78b4d6fa5e2 eb 49 49 1 38 1749 949279
63d0272f5a38c78b4d6fa5e2 eb 40 51 1 34 4352 953638
63d0272f5a38c78b4d6fa5e2 eb 46 28 1 39 3527 957183
63d0272f5a38c78b4d6fa5e2 eb 50 26 1 48 5443 962636
63d0272f5a38c78b4d6fa5e2 eb 42 27 1 43 2384 965035
63d0272f5a38c78b4d6fa5e2 eb 49 45 1 46 5757 970800
63d0272f5a38c78b4d6fa5e2 eb 53 40 1 46 4004 974819
63d0272f5a38c78b4d6fa5e2 eb 56 32 1 52 3136 977967
